20.673497919161257,88.2501080562749
122.5902919070509,-34.33822610913205
41.24236384775091,-34.72423962931037
-136.9945638934046,6.262184777826142
-10.207183167999776,-29.248461480587817
65.17981414636681,-85.50444481808996
-82.52357985314889,76.15835798522771
-30.659121850852763,122.00644015697084
-92.39584114982588,76.25698018252852
13.147810906788914,24.57182507549924
5.34633413870471,117.59085495718395
-85.4277622658272,-102.67309404984637
-16.553821063247145,85.41477055361942
101.73729260277169,53.10182783161232
-101.41364571448779,75.45749275311486
-77.55121296494893,-14.780375237527972
37.328574633311895,-89.5551682300618
-50.57566623756035,-102.2443192963796
78.9617517525139,73.73478079815831
-56.59437663070618,-27.10335581762901
47.09131838354556,-33.610138167175876
126.26490404263501,-38.019452556712665
-43.330667130082475,-32.269062928576865
-137.63834276868099,7.142299309260055
57.88777716603042,47.76391989812819
37.51243368687057,-121.49836501905094
-1.2021488097713335,-9.571080748555463
-11.735779958922826,103.77008559325198
-73.83472235796857,16.882549069627963
-74.62770368072594,-27.87854889328885
-46.66463214397964,46.064190375659145
-57.4989276931495,-102.89974554844613
98.05331042079641,69.30080109415712
-60.217507397297794,-31.780594286292526
107.66885773915564,-29.180333202133767
-95.88065848343201,-96.42663928716333
88.22480306017036,67.50663117435535
110.02546758664579,-30.873462952111936
-35.5659867004671,1.5960710200454353
106.14282680790811,63.380166624564595
-107.63282861734808,51.43304783196548
-39.09661229881787,-93.68627112900937
-45.82513879199531,-0.20682539809087205
-52.292913955596134,-22.814263353971455
-30.0955744189691,75.95961397109711
-26.20759580303816,-33.724974673591156
-26.426467303737084,-83.6339866326025
-95.35337186676219,-86.5876712435468
-24.451040685290028,82.56246671894839
-22.63500536489922,110.1293521049583
3.8638231832596084,111.82107759321099
135.61017177434022,-19.34018663182027
-48.25003679311275,24.68619970938063
-56.029911089602464,-30.50668373836001
-21.547647872726053,27.074359538307128
-43.4228512476492,-105.47084012113429
147.8750828164511,-8.913412693327611
-46.02561623189559,-29.959382152501956
25.938025280440407,-24.206248178404206
-141.0424612873034,17.976456450532222
53.79441029077596,-31.70902186207887
-73.35194911026277,-43.77437293949108
83.39509697584299,54.88007776812915
123.7838390775729,-24.454210609443955
43.50852060398225,-1.7694911711408268
-87.81811916064798,-92.53479498700734
90.50971870620013,47.646545228690705
-127.92817254397885,38.115625889001294
158.1939384036084,-11.840355642316494
115.49921080490593,-15.072076957066633
-85.4033241039353,55.46398943901037
-76.5730235753361,-23.873024497467558
-106.11307173881076,75.31607115028521
94.22961140298247,47.98971075380561
-26.062306471812825,85.89469836741323
114.74364137306564,-26.019012996332084
26.30631501205662,-106.43588176815867
-132.4875952266615,37.1701903545089
-131.0812705790626,20.698415076893678
-74.64545172647217,-24.744436234443263
5.04859565611084,71.15679514317762
114.2748621335781,-26.991476429137503
66.26298268449348,-121.2034194943955
97.19846905119199,48.19258934969783
-49.38473114637738,12.141439226708469
-35.600173929672486,-106.53186057843588
-20.587736850361576,74.30889414984503
-37.84021631708301,-43.294066736965
146.69645982686296,-13.065793573231678
23.18278448352266,22.998099259279854
101.78413459677955,56.35479247155294
-82.43264218483367,-22.379962240497235
33.14184340423711,-26.246399155231707
94.46647259801294,50.56597424551179
-38.943782375813115,-101.37652092446923
112.28965760751943,-23.037639094055248
-47.69449123374863,-0.6567817741416728
-42.227530749925094,-104.33983518098937
-25.680782660204315,86.49289608865458
-130.96286556390496,30.963743961155096
-82.55645645831632,86.69383574807027
-27.580430852037598,31.864917479353
-105.78382913606876,73.07187919799524
-65.74464304010287,0.887388644050159
-87.55150874993157,78.17856816211531
-140.17788774877133,24.04687413109636
91.21719267788316,75.79591294698639
-12.905741092916204,120.0365110043687
156.73219317705414,-10.825408713935493
50.84423184860869,-75.88229521323171
19.936021260649124,-41.36840134648275
-35.463455192649036,118.09409554628974
-104.16474678950172,58.536736287503224
-147.75667018654596,22.80206397438355
140.81601010199415,-27.93962388675216
20.082764020696658,14.008387851929161
-6.081298185745265,-33.599913174667016
45.58096592135219,-86.25688949646157
124.99329638377812,-13.973409068416581
126.20362372107475,-39.59753591580993
-71.61667664576215,14.630809701601518
152.92858562613225,-19.78689105101236
43.80674698267176,-109.68593879723642
-80.13007020153168,-16.285536088842186
-117.48293858974634,51.48985936786922
-38.51050761436747,-93.46916677325302
88.67380097036673,74.66157236660253
13.543298918461419,26.210825777741757
-102.61159885463593,54.33472885203394
87.53096244131177,51.75645179077573
-27.260255746204816,91.57261514975143
18.7139325286901,19.13456843228684
-46.209423024233246,89.33381801407477
-36.14888848046336,-18.55222247915338
-29.724928659777273,64.20852807035014
-14.974252187890675,123.23435914565016
-24.865378724156635,76.48392988005466
-41.86168913924721,-79.38514705164272
21.65583733978022,106.14488973620573
9.067906903169552,11.156773332420745
-84.37680635998404,15.38607281515827
-73.78688584505113,-26.278131178792254
13.486267477092754,-12.967265226610223
43.58361794406825,-80.45865195933258
-0.7044392343734135,55.930719251863714
-89.55520416877675,-90.44285920210774
-46.68519000888831,-89.19369739124838
102.31501202467462,75.61236494240467
1.8680193840194645,8.914026620112972
-14.517537148112275,94.2700209118094
-21.814186685860747,-7.705453067130669
102.9466717592528,60.69015701803473
-114.54093027018233,56.549371107594624
-50.63920221581505,-27.103577057994432
-26.27075982123873,27.186510692330756
93.31815921383242,46.85295065594291
142.52236996315114,-46.150530227622035
-14.029342803997142,121.24730737669424
44.83131612852747,-50.69293591097212
44.15606648429585,-83.59395035289626
-74.80600964971858,72.57334085673644
37.91024366808944,-121.79234164965682
-4.024766972798159,-26.4214234007559
-73.66116370336339,-44.31447015347413
46.77719949171155,-29.88256391280921
92.72746812757079,47.94232799069716
7.446194796570476,6.052493916322508
-36.62401699295165,-41.626774467166456
-86.01409690414542,6.59970491097922
112.6881463427742,-23.08934996105813
-6.144349998825929,-32.44977192231129
44.5384009640044,-84.50221623029898
-26.71818505242182,28.51306971289435
-86.7444354103552,-102.62695704322566
-112.48794620710373,49.02290245017649
-89.48427881852957,-95.26027881553284
-7.016681497947168,-17.239479507897943
-126.92056659580597,28.25458491308964
95.27052792273156,-92.75509059928244
-33.13041767462732,122.42353223909156
-94.99997746216977,48.11725607907804
-35.91413382612302,122.40126099039168
11.040276882666513,105.13317594399957
-27.61675432559721,-33.87299421619041
-89.39946333468149,75.23365945191364
-82.18888065901157,-20.8021279359794
117.08874700894289,78.7910477090754
46.292550428274595,-88.3547615477794
-21.188283040880865,-81.16890033094661
44.188205780076,-80.00173471441857
47.487541450253204,-108.63136060301788
-89.96589387037041,-91.84878895393759
120.74795396751546,-28.1673539365153
-83.50214502496897,-22.06777907163087
33.231052637073134,-22.05218365050281
-46.40387504313433,-35.623512238570335
-32.403213083839375,23.858905169379465
-53.710382938581986,-104.63262176989544
-22.694904485458064,78.62039920753885
44.3258029041733,-82.23579111558139
-86.29358838209124,74.72530519154674
-136.24883864553186,8.06186473671565
-48.501056696611194,-97.51150018134935
-35.214648341187264,121.96603926211095
102.15509160977412,76.808098256418
-146.84895119327822,18.793354697500895
143.62133683218792,-18.993034008445587
-36.93912502544838,123.27061582462672
-112.4426575237331,36.09525159272548
152.31597396738962,-14.124320479717646
122.29490787708723,-8.569201740739828
-118.34774783445066,46.31259665862551
-34.08906669365564,9.44130064607536
62.137635302161875,-105.49970989931714
-45.1616325703638,20.672806167991535
-9.573072364689953,119.42558710838806
118.08710956691566,-11.800317721982756
13.688161455792558,0.25157300421083206
113.42830429060085,75.05204002213223
31.27833121561711,97.71253600894808
23.059794872761483,-118.47214856789583
113.15442920246768,59.02116882157685
48.435011569588696,-29.963186208205503
-72.45656638391952,-6.053109925542116
3.8305291801738166,-109.75626465002804
-29.66540593979075,-115.27712303052498
7.304436578994886,-28.87482868756673
-30.15079694726052,-26.155128502096566
-25.307738019353557,71.20194008698644
150.8392629238864,-10.526777459441846
-79.05863446964148,-2.6192479545854983
-127.6030219353575,50.803346010458895
102.89376021734071,-15.555263285193575
70.65527900073715,-103.31006002856492
108.89569230176822,-10.863635562506177
-11.690235989000692,124.19933961242018
-100.39133994921347,-81.84413485466321
23.44449210708821,-11.957229255448764
110.88905083294382,64.26612179937761
-106.37838841433292,-105.87103073164671
-106.69357153061674,36.67233247084431
122.73961321940219,58.43103198166065
-8.197440054991624,117.71132216684818
-67.97939578354536,2.0495797370665496
0.6446374667563293,84.81909829301482
-37.55374933365426,-106.6232380310568
159.19283669989665,-12.62798170887793
-31.25868566509099,-24.910696520875984
-81.30588589711333,77.4344533625931
153.22740530900418,-12.53924891362836
-46.125559300642955,45.43106498735852
-113.30756248955805,36.84504240109933
36.43062881709401,-99.64629022742871
74.44541362014965,-107.44805610231903
6.5705793337415965,73.69082972334621
-13.829627999003502,124.2947109568172
68.32661574545295,46.48795753237759
14.716616440685062,3.942838578762344
-81.57800147328658,12.3812024405213
-105.76048847417539,-102.91135091913814
134.30345982566948,32.109265897655135
106.00145087963773,56.100693123935265
58.80553124037105,47.68152276523747
-70.3388010467689,0.0058095287358957415
34.12727961709196,-36.94294775370838
-36.64790002156647,-110.4860480717266
16.822294211265202,79.24854834742322
-26.392912450131647,-23.22398820660415
-52.443745530176166,-9.487991637813716
-129.89432625651565,47.03839354133627
-120.41696887076924,55.59516031859949
11.30827825241478,3.34955364216566
-23.351581285725977,28.03592328530177
-106.39883755160602,-106.06740193297082
73.09336829487185,51.90821576471695
15.719929244413704,2.0969813606463856
-113.69639026170977,50.114027521830835
72.31790383208497,-107.65392797565772
20.526293309735824,107.29961634707318
-27.886765026709348,123.4885798274395
-26.606406180270042,-30.80712610254062
-9.848561297707603,121.98577023342655
27.232783932955538,-41.69653934088944
152.72848325159734,-17.152517807366547
-8.208797248026038,78.35583064526662
-28.512915828933476,-22.76413534149835
94.39247349940113,54.763823056791814
-101.79320714071031,-102.0825969620696
-47.540017330320865,10.957065858001037
12.895602665902107,2.3674918127996643
-121.66784395036032,45.22074703667727
-13.697093296470163,127.73692888966922
65.12768281221628,73.61132045327501
132.20123445605077,-26.267826660659583
52.22179731776562,-34.09548637043079
-50.03265205121006,-93.17665189627371
131.13119436728346,-8.997576203270027
15.532590553226788,4.705024330902434
-17.626494280393683,83.47206002612018
113.71950105779726,59.16656997688878
-43.32781521741546,-96.15626285048467
-71.29294926284965,-5.44945125460681
85.90115848452503,44.39854260275581
129.62100600113595,-26.759604652479727
-30.064353323698445,12.609519396024284
-75.76626001512943,-11.083284615078107
-4.8691548372934825,97.84034549662566
-64.61808408608675,-6.743652519983716
75.95576733075379,-102.87248753876796
-134.11210051263387,42.39639217298804
-101.58578543408828,61.82004651483278
107.91741595017707,57.00088575052712
-16.406042169196937,-99.53752081885833
-32.26400742090623,-31.89993220957824
31.49852576881582,-11.807595185753426
-136.20062134524386,20.45926270066003
-8.015414898428666,77.72014468635801
73.10579796186667,-105.28074467235325
41.606529625733394,-79.66980911885969
-43.258622187666305,-34.9771797572205
109.99702673753443,-18.693911875912505
-12.845020316901758,125.86399309341418
18.00789480611193,-36.40287316826027
121.53390354211545,57.95048466375488
-37.58295382951608,-4.0208637896896615
73.66632236958338,-103.08179817753343
122.16824097265885,-28.629086744966976
-12.926622345403013,128.07060130748368
40.3256039154346,85.90431753330489
14.69514631020603,5.491373156997852
3.3072474521790305,113.10202936362023
105.12466464113862,59.41091135652011
17.75820311537714,81.28568524034606
-19.492001301017357,-92.83098685253158
15.732741677946986,-25.83443050458098
-104.10811885905767,-102.59446609947568
-2.865379158685668,-9.860244184828366
-75.14135425933263,-3.333119703808831
18.047113612520036,-10.44009809221787
71.93868270682056,-103.66736597590781
-14.506446607943806,2.0288689305084686
-11.816137366987139,122.4605024899894
-8.14352635066303,-9.737170714322144
-50.92567873002146,-93.838130309918
1.5951524815287668,-29.76644996685628
-135.2490412815365,20.35310045504536
-28.246840253582622,113.35317465731255
73.30780421439874,-106.95986038373098
-13.850925430877938,-85.59184413443286
-72.16849350803209,6.680651530372669
-5.413346895563839,-28.76692368986326
-134.25985946840422,19.233609579423725
4.1048083363619945,70.74736544060393
-80.7648921558811,3.399597262201272
-4.3090960669580385,-20.83608824072434
-147.85803127791377,20.350737780040745
-26.900585543290436,89.21456298813422
-132.1755287315922,20.56380437812494
-87.38312768091342,75.83832786791257
125.15987028381836,-27.119897048526457
30.996076695259294,-108.07264902095478
-28.68810894459979,123.94294110220262
-14.328684397698659,-22.55587496694166
9.436022308615591,4.877899703262417
-13.99375655752314,-35.69923615093803
59.801966400427126,-110.9911137841058
-106.88573903610919,76.30603776781435
108.66331248422873,56.313286224424246
-45.939023006559694,-85.03867303209637
16.416658027389158,-2.806256074051104
-82.08031734348945,21.090771295670162
-55.541632209199335,27.122852563778867
21.652825948030408,-23.369365883507474
12.786371200224222,5.560968434635895
9.482879605217768,-32.357089200405326
73.14547077810116,-101.91063811809843
24.04743915113301,82.95813754927178
-75.25967868797706,-4.684883806854857
41.284587333317184,-111.841049738032
10.020729853969536,6.029463081548778
41.24051656540913,-27.910323700937354
70.1994199434261,-99.80352883752782
-103.00395896538332,72.30387036822854
-32.55693829817511,-36.91913878981765
-28.087049192164265,1.6206290083436736
72.39996359622675,-101.08360592723689
-6.225161761475079,75.74327730379441
-77.98916242685775,-1.294328957957564
71.89070451028273,67.923882659578
-39.42100223904773,-33.10294372408752
-7.402758220178105,64.18360466066501
84.87922951128571,-83.10260304662289
-17.826463554176215,87.13046488285342
-53.626998900961034,-106.0201077696933
-84.24328973321929,84.48032478637897
106.68901575020571,55.16544998820289
38.462744374388826,80.90665101026916
-145.66123298748897,14.906073526192692
-96.73932672550494,70.87339958863602
130.60636691019837,-35.3573231476623
30.52212244161108,-111.51839143874666
83.68747994199676,61.8813819792733
16.944512429954205,-4.147114176349002
-107.0781658572227,-102.68671105638106
-15.29527439907662,91.25174944442142
-11.005369876458502,121.86521507523388
-82.73518852227404,78.87000132399429
-106.59030659419781,-103.51504987849567
-110.8724669857347,52.34274484718111
-42.37091474010898,-34.82491408808153
42.29321487181581,-106.2801727877395
-75.36718997843099,-12.36210061076973
-19.863087250240092,-15.624159290723549
11.626987615064982,8.976175078436698
77.8381067005507,26.451060527955885
-57.62064141735528,-111.42276649108545
-129.60560141503268,22.048559165251074
-92.96034088651847,-99.13726871652405
-83.28026617891865,-101.90423452033626
-40.98984715949177,-35.94190774169909
25.778854172551693,76.41703384363252
103.08453697631853,58.59909185856601
-50.57538430891443,-1.3533158774529803
-43.62766152145068,-36.23201447074999
33.307484027295146,-41.7819067897269
-37.88636236497951,128.14231135699893
-30.63210425596229,30.290205699721334
131.0732421940808,-34.05192882647519
8.863643902198842,-29.50189938840853
151.77901255394954,-17.649277709204654
83.3829908253576,74.41236385740049
105.33553275173686,61.492099739094485
60.1529681561579,-116.10245602023811
-8.874201866766363,126.9691542202365
28.905621535060163,-32.87181136732267
150.32941642694695,-18.752160739012655
-14.19470884318374,2.5924692576816786
-102.4130452174321,-103.05012062468002
39.77188511463803,-19.093999427426084
-59.815410227870025,-104.54607146664662
154.86167581915564,-15.393683751322248
-32.87798020351617,-23.899847691791997
14.967453030068976,-15.641155573947271
-146.40236542898992,12.905793093059778
-78.76187281354011,78.55221254747758
-37.033991688115904,-108.53887415556284
11.844650006545015,-51.178620938147105
-146.88785440507888,14.905735352093535
83.77387002781172,-91.00856672734315
104.52282473940146,56.633610544573344
-110.96022373938789,58.23791236404477
111.03505968443429,-21.83102819082836
-2.9674531357735088,101.39454586932095
139.75906464562632,-42.847114598383584
-98.44788739818185,66.80270298277901
-131.38031827211918,32.1657629162441
-40.85547980188129,-98.87391428093434
83.54673516116705,-98.5062578904335
143.1339495070115,-14.618785851023755
-39.23810754669723,103.84455086471505
10.059138754392263,-39.51133140149371
27.34783136131762,-3.737841150669827
139.82105307031333,-29.979057333915446
-92.7135986290008,-95.15185994952854
154.70060530001365,-9.05413324677358
100.18372831323848,42.57421763346255
-122.80207637136358,38.94681667684257
-93.02184535210071,-9.32379439525721
48.33940665624655,-48.60285214418096
-46.74136850738086,-115.78333542834228
-83.69448765551998,85.69529428352787
-50.23758591507328,-38.94244441947765
-84.90531676525994,53.026911388543006
136.7623227714699,-43.82558091681023
34.37800250452882,91.20728208784847
-144.5843350613312,6.979436077437856
55.53542495003278,-79.3487023296291
84.23931363338754,-96.8362572501345
-35.7089572772785,-6.682188372764629
-20.153987875890756,100.0107661967818
39.87957915169395,73.00458322067573
19.392648575657226,26.791210717934764
-15.595620523545083,-21.729091976792677
-93.36413525658384,-10.768776616485107
-97.70541642603713,70.86807108792004
-49.45843664073141,-115.69507740812227
-17.259950282171342,81.61967499966875
-61.29876895491896,-37.00459918537247
130.68046083063493,71.52343305195691
141.10194557462353,-47.73519294527282
-1.5008349803002956,108.81180558527782
-142.4724717660946,-7.235591825281435
-130.1411755069685,14.895833143446794
82.87692078608174,-94.66523653472385
149.3961411674119,-4.62919561457082
-7.917237332600749,110.89186346350867
26.4627234112836,106.76061310912591
-64.91868375927532,-43.81800966278868
84.10528925225208,66.66478687585501
-44.39738858024139,-88.404294928578
-52.13640346470232,38.28402920025954
-64.01080561838671,-40.63658753511125
23.15719864395576,82.84191121485495
-53.07685494865869,-97.0082786591898
10.417537894857507,96.26894421344807
-71.96215374904301,-1.5464131035485016
132.2984053351363,37.90706715543032
-142.873062829629,6.984190286143416
-136.92313831704521,3.5994104869355796
-60.74274714842384,-80.63333519889783
-130.25509286834952,43.00659451752485
-70.14078250453582,-26.97230729916211
24.52586123013074,68.64699209181784
-90.17260257763256,-94.25006491513095
8.222730941465784,114.9323422489002
78.03151360798216,-96.97136519094201
24.273128209550173,59.81822902251139
-53.92478308252818,-116.97144924329476
-53.67007205845453,-8.06239127182196
125.5936961533419,-51.18218845951547
-0.058041484398421474,-33.516225911198006
-85.54806227405933,-21.66100272985191
-51.77924415977761,19.323516991955923
-93.03171529170832,-96.33296241739009
148.08922274582642,-21.27841666986598
-57.75248197543929,-37.450947705505385
151.5792124413126,-12.697694629045499
108.67488819943607,-53.27754963323641
63.344708433501346,58.24148552966305
-62.75908627233414,-38.74518824271988
32.858652450384305,-87.72749123699187
19.838327638900495,28.439034889622462
-3.9826964720161793,51.29933712116033
-141.21249160522922,-7.455633107546806
119.61370399508856,76.28803259446379
-141.21496086235024,-4.844029970520268
120.22355426890971,68.63002834716089
-99.2697572204084,-97.20426833956961
-130.00695085977696,41.97081430968887
-23.529792167507598,-96.59420961807056
-40.6755071641938,78.2269562571072
18.196817209021763,20.775504201860205
109.6203061875279,-26.177946143985825
-100.93452720222473,-88.56490016271138
10.72178850351913,97.69242695609725
-45.99146062685581,-92.57518753603114
11.011806925861764,121.92951858607799
89.76599398744872,43.96641374607382
67.51857705298679,-119.51170402070572
-22.45850692697315,130.6729489695031
-0.523579575555527,-32.61997024271761
84.49575635491902,-99.76782414876644
-96.71344586789212,55.537594858228914
-145.15785072682755,9.012291439919409
0.7982873987589885,85.98062119334637
83.20217277427714,-98.6242931175597
-95.32741038157009,59.67945245902409
-21.807472759452676,130.99844323080336
45.0251496538534,-74.96959414738774
-49.857390319983104,-96.90811056284718
-89.41162367277308,15.08489652205136
-20.46751170431303,131.69356088511452
-46.00706161973912,24.38783093185754
82.03704118006078,-98.76860251140806
20.048553395944456,-11.377104013564766
95.81482773781522,44.49158481640597
-5.042814665011819,-25.627259132417855
-88.28162186086028,-7.168878511119714
56.467177529282814,-114.50138151709317
17.753301317340203,22.847274391478884
36.29803661729738,-83.74000371168839
-39.53290258574646,-107.27487722835903
-101.98937338915555,63.45736857206578
-138.6726099122297,8.817219310652236
-41.1292473864446,82.94702079502608
-55.844270869048344,-107.11664991600323
-25.48669769359095,13.393532170435813
125.44222255500217,-49.6161827178833
47.766071219623186,67.95621981594381
-93.36400187206657,-85.71562151576211
-3.0323882627827423,-30.095630952671318
-11.756433656689133,132.40040197660642
117.69317839744113,-11.67065571078736
-63.00084609163457,-36.21368637519698
53.43095019462367,-120.89098335010519
23.389830597441318,25.581060276078247
-86.00259751094632,12.071447412561163
-143.072488430188,-3.0760034613517537
-95.33645598520472,16.39805237187271
-52.1212181494141,-36.83808717441469
-15.995645704299456,-14.001761508268775
88.69004202183535,-102.04382167893678
123.17997939706711,71.21819759807788
-143.22273039996517,2.004725762372963
-2.663553727309863,63.4934795783544
-61.251122084934515,-34.878809083418254
150.22868169567812,-5.465697129050529
88.47782854349894,36.817523778843636
105.81061103996576,49.722947430161746
-85.8656529987704,-6.906898744374954
-17.565914039590545,-16.80823241216804
-60.74440701292301,-41.478432358198674
0.2704396788592431,68.17672074575184
115.2681690426304,-44.5297254209762
-114.38683891203762,48.20641801516232
18.97701769783115,30.240223710099404
47.02527826130072,-35.6156052628721
88.76106804573006,35.367501839441644
11.853828127673745,-50.215767623482726
-134.84976290648183,5.8986218923402545
26.39188880202301,-40.40096791627405
-142.17427429417637,8.340046223451864
127.42406127029497,-10.518761919781683
-37.26030918657022,107.25828643812953
-93.10250042149588,-102.65723690174012
-43.985753714934766,-113.25977997204913
38.51663510408397,-22.522959549834752
-87.10374045098675,-5.488309652172183
-94.71411187503496,76.53306785723153
83.3327512697299,-94.58723233228464
1.3484694090655633,88.83683105683014
-50.354162026050815,-36.35989080158777
-6.351436091449287,98.76831813630373
90.77913484101295,35.770593324174634
-57.9229071926186,7.548700836909722
28.974723992135925,85.11753174476497
36.557432140134864,10.637598199418154
-77.6283234057088,-108.42896220400688
-2.8357878399528595,53.33504059306702
-36.87435154504688,109.86483432739797
76.26042450458964,70.73882677297735
-62.10171670917185,-41.91784630551132
-29.02680970275855,30.462610131037703
121.75671978531885,-45.4639110166885
-82.71313380662116,17.891525311821493
66.71639719608706,-87.11775132345166
-60.504026383808274,-6.267977834043345
-146.5858617239168,0.2323482492838277
-91.06154377662041,71.74783594342804
122.57796736439155,-36.042005267107044
-35.00186442854094,29.345157261892368
-64.28566787047335,-37.273132357944526
68.30953240858504,-103.6701622110126
-3.8818465355113845,116.65135436247266
-119.87518163786766,31.008721032206974
-36.82037196635049,109.3069925846052
20.250153727710316,-107.68402418429721
19.989961653334397,30.312225109210218
-126.55737751181834,46.25682702127298
87.32649581831055,40.17163865045393
-51.3604735863098,46.82550575558692
-87.16874547445137,-8.964856483781448
25.204349664898732,88.2856590601283
-101.25291137643771,-87.42667941952037
-49.78844945440285,3.6158945326064336
22.39495390226356,23.66830336089399
109.71254974222978,-28.764802538933072
86.70024537014768,-97.48369473419142
124.3186017103627,61.26865024164983
-60.74052650482902,-80.63507219838347
77.92353707422785,72.58414028872882
-67.05955442422457,-39.18481696406871
121.70748161562949,-20.105943683225206
21.485399924121268,26.618912164192242
-52.06631065873592,-9.965366808824882
91.85241342961362,34.565605231435214
104.59096124686693,-20.80056710427314
107.88260398335395,-54.23549349008151
116.00355979526516,-9.705421901068348
121.8134613512467,-38.22675931130471
152.5317791449691,-4.157287756635068
-131.07830666599045,9.894711353996847
82.96331881858644,53.32137129390305
83.17962672022982,-91.18467641295479
-84.81112058159638,52.81662264109439
-0.7116950116114141,118.37530471565259
-111.15765796284721,55.41320930953215
35.210251900442366,18.36111200395168
-98.16731425006071,62.8870067593332
29.726466481018978,105.44319450447288
9.742524754580117,18.477401624187262
104.90649706769821,43.650678257898846
26.80918895517474,-33.20565953910824
-83.05382119822669,-7.8222308013132125
57.983668348602116,-114.38922384933747
-51.989944953292465,-102.36293573571153
-41.25380571689738,26.306163817120503
-20.85605321050694,-43.57311559574335
34.87904711484269,-98.2023380174789
120.60718567136796,-37.84127434995
-0.062318768169570125,83.331586163971
-130.91361706473944,9.369925183472374
35.76026295891321,-19.10925563670395
62.61424607516437,-82.41976672075695
-12.540903378544126,56.64919772782954
-10.078900710086605,127.15143034340652
19.076244528482068,-113.6005536323595
34.50319257428644,17.728732890180755
-141.285431805844,22.40627129871876
28.98276179641421,107.55433536744364
9.128495881394679,18.00821464509824
104.70213261513216,43.12902868916367
131.89920778901177,-7.248593106443791
-75.3750124872739,-5.466233187917283
8.049394075148589,-44.61969277416874
-56.265225581160394,-103.46226081981108
43.91331573877321,-35.96562632822532
-35.49103024096072,-32.230563648058826
-8.74024448405078,58.55398244389922
129.61349549075436,-44.022697712138
-106.00621958592087,69.2058274594335
-135.7960178910914,4.497057969674963
110.1902734595941,-39.589027972604164
77.77987126406519,-99.3573580606746
47.15779813074152,-108.77797395968653
-8.662228686587333,129.64971274863757
54.65267052072871,-102.68996213164225
31.782299055881296,12.783544315397085
-23.87441227945251,17.4742167725832
5.192397562410833,89.95603773627893
-78.2504693915018,69.26688636484997
101.61132474980734,46.02097696091844
28.69908832999444,64.55563210188289
-83.84986992542883,-9.283811691304045
-46.098716700240665,19.9002455557836
-52.876580810469534,-102.42656894725297
-3.650375707431705,52.21399664977462
-22.931831299593185,-42.25582502538745
-87.44132928799463,14.916647859444812
35.81513420537642,16.919495023746137
-38.03508243437135,-3.450687899210925
-8.279682009970754,130.42196826607224
37.446846054340284,-111.89827991767753
123.16282058069784,-41.784862743348384
-23.857503427476594,-77.93271908108024
93.33611748575353,42.61691401552959
-4.775294687863185,56.57973805564445
91.90499208989554,37.951983984365135
-85.60976171118196,79.03806417463245
101.96292671572668,40.36308694481514
-29.554579901404548,84.61798671772493
-20.22540874958345,-42.953747619614795
28.074432329244452,8.141223586880422
126.13556322944306,-41.9884734728618
-10.732325497174799,-13.855055095353551
119.56971989456855,-46.29340997532138
-87.13417499228053,67.05710383763554
-142.6864506345056,4.009670066683087
-24.092238650932043,84.84199476459781
31.239042481888998,20.437677612980067
-31.993614051391052,16.49468220685467
31.678751730798886,101.81616312244637
-15.629366323055189,92.50567586615936
-82.55155511361278,-9.89757142878348
-20.527051118052906,-17.02526406327148
-34.47120894199413,-44.78788630382084
-22.559855721313117,-102.12130611915059
31.627277002145853,99.80887149794522
-20.7809765617697,-86.83411994819438
100.98085551438363,38.88129639044623
-17.092126983598348,76.74246290901148
-41.807370343012636,-110.773855909785
121.50644854659829,70.76332125448077
-21.31659519283258,-46.72666995074283
30.13548928226458,-44.49068769738643
-145.47571556739481,24.888906934922037
-24.9722067764261,-91.19541490945784
-1.5025392605916277,124.20754933030639
12.756303258772679,83.98932304384871
-49.219482008003794,-104.58966291857239
131.33095153164578,36.19395998484753
33.04773315428176,103.42020345149089
-28.92000881244439,-46.90955452142504
-61.91017570867308,-0.41219446850917285
71.64178963275299,-111.87102508160814
-110.88453699806152,-99.05785240723469
106.6507978138226,-23.327268284549508
-40.02705078396334,-110.28667786138166
-13.333574411808893,3.6321144872359485
-146.608952705681,17.369473406098262
-85.86759459398436,71.26870735121749
125.60628619442315,-41.89737906284972
-12.673675346055665,-40.18814879903114
-147.91169586103368,18.028397920641535
-52.20243360522382,-86.96634012746851
86.74287441524162,46.82981538885369
-31.337961768699113,13.859049922498299
129.4973718764988,-41.55185045768506
101.45542800721384,-22.91214457162612
-1.5070994175323287,125.01443705949738
151.46233068182087,-27.003773879037247
-40.83912166157515,-107.12420538589606
8.94177542012108,55.98007699915458
-23.2991900210503,-43.74699713988874
82.77759510770878,47.69299605976911
-84.65199624162388,0.6863529087191773
-41.27190072267768,-89.26192509122579
26.179915269157174,15.603557514514403
-45.96947436232473,11.783381429045042
30.28215350322773,103.38497763306019
-11.252578620789444,-35.47397304834125
61.719295887729565,-80.39010709280899
105.87773403390638,66.21034369314825
-84.36559755991352,-0.8409543452298627
40.86698631599065,-31.055500085854188
31.19726384799854,104.7830596306313
-3.0065088520747896,-35.22274196126295
60.917546874078184,-82.0175559553251
-91.60855403009181,82.99536843965544
-144.560303884555,23.322171386099463
114.30210586142746,71.03504464072768
-8.031859840204298,131.50158286977145
-4.937978566569069,-32.31727146084465
63.84432184369834,-83.97822529463345
37.68899644797901,-112.80336314205546
26.76900019100989,105.4521215749351
90.67791297293707,66.31520470803913
-45.65258955434086,-98.18918788568982
124.11251621865155,-20.997049381022446
-73.10665525012585,7.867610420959751
-32.40479413295325,21.38415053681784
-139.0128810644243,-2.5893991748635083
-51.98868427424554,-24.23049531828145
-43.84255510681596,-108.17048125576272
-38.06549032909516,9.852073546993003
115.93024126005733,-51.46931578648572
38.605143335739385,-40.02101342918378
-41.6647770513776,-32.13928819527161
54.72366395646322,-29.635032340279473
90.91476585742792,38.42905010179695
33.238391773598615,-104.36907690470326
-35.47696809780355,-109.97347099595811
16.234494168948512,107.50664901000866
-143.91113295685187,24.466813562933435
12.334596304138573,-0.13952786502717165
-145.60683159240097,22.95401706723563
1.06561535059536,82.69769806039218
28.604771644319474,104.97694468279055
-109.1992241982919,49.17722519031659
-80.21336062036778,-1.9617443534067904
-33.72374682034517,91.8288913376176
101.5767143383609,46.954655731629416
42.07076264188015,-20.69004546058219
-8.867139803411838,133.168736277753
97.18181920837303,-90.76093999512679
32.30409649055792,104.56417444803469
88.3969925155886,77.45673767686425
33.5653320995142,12.217388783009232
47.903768482278,-37.27119846752591
117.40426442739523,-39.144698007455254
107.93264175016355,50.83296459081228
34.85650294209078,15.452641260321013
75.34329922642824,61.28639616846615
-80.02406284029833,-8.638542781133161
4.334407488735268,-36.87204972912473
34.468780851437536,16.470483384691263
-39.303091225940584,83.88374354828986
-4.205259825155249,131.82709218601292
-35.15554023000754,-84.85384023039877
121.9628557170727,-48.14392943394958
121.94170748976148,-32.28778401897671
-6.658255143694762,129.6108868447138
35.24844826713829,-97.08820332779925
59.411804973085495,-82.18068156388122
-52.44603104149104,-21.8503705739078
-49.9079585098369,-107.50397091464258
-74.03534844900302,16.95456707814884
-6.6350115716764115,131.07664459808666
-52.84800040916194,11.273765447194966
112.7073529569584,-43.1433169607758
-79.5335240068478,76.3595015374385
-143.68919592634015,14.926676699894362
151.34187429151584,-5.716756994678487
70.01286591402854,-119.04096310452148
-1.1944689753924544,107.0304570606683
-11.434406836919855,92.16829991851304
-12.471486416904947,56.109425213223055
31.21692744559527,-13.230156998701213
-40.45997784917843,78.55236155517541
-87.93307479405128,-100.46470062435549
-67.8155247678373,-4.915395568330509
95.09755646458238,45.77423312049772
51.713497483273116,-28.848471332264015
-53.121486069532864,27.86772369686006
-94.43027548815165,14.967141409511608
-46.58060210676079,-105.58235639105139
6.026667151596868,96.88271048116214
-28.75013145385216,-47.365049622073734
-45.67227611618994,-4.260129264756271
115.18889687998663,-53.67777776300622
-27.70182828026264,97.3428386896018
-144.5410987237379,13.685712165109667
67.9499491361169,66.61189543513346
88.3269785865398,-102.05668502672953
-25.74227340708214,-10.431256908080263
-9.029109800400722,100.72288221270536
28.671499317551277,21.37184949625369
27.507112251337826,9.719458567640947
-37.351453042836,-4.490880532165834
-94.3725361155301,-101.91539276402884
-16.930594092858367,-16.957785642017644
92.35646669077988,41.9786857631079
147.2166856511658,-34.32426406434945
114.09766231713203,-52.81616112299561
-43.7013791348145,17.883055850857946
-141.58430743548985,3.311756114610243
28.53828411287474,-30.170059723653665
82.098459374121,-101.362913952271
-35.056283251340766,29.206396026218442
-11.1893252638332,113.55075926982359
92.6159393274099,82.69097683681298
-84.17264651401895,-12.394394847176285
29.633068012276432,81.87576047899466
-68.13273677251992,-105.91663066957211
34.37545276918466,-22.03191065632615
-89.91582580696252,-97.74144250751033
-2.467908688059671,67.66567030727595
78.59424460901512,-91.33611020765181
-89.72814213869722,6.836982112928634
-145.35067704781366,17.79549715564467
-114.93564534143773,60.16713863372208
-88.89492192178558,-97.75418545619588
73.09637180658085,66.63629426210427
-43.81505324039527,-109.93663323355305
0.8159602662424082,93.22856201499607
-44.94163918529908,-109.5469856360404
45.29733658226995,-26.865576017111817
118.60235825720882,-38.90803242839989
-68.44282878236017,6.779805893480959
-28.62491548595124,-50.69076809415402
-25.026365123554235,-44.31388574803911
77.15275986975155,-93.53921092018238
20.22550777075047,-41.290146506366376
-83.33148289605278,-28.7630616767675
-72.4676152080419,12.586428419239983
-81.17962236576989,-102.21495297884653
-38.507169598710966,7.574756467398703
22.393155662862164,25.486565373319923
20.349837109965506,-107.67142524601373
78.94589747036127,37.42745125819473
7.1989245661495005,-37.3214038192041
-149.08998042918853,7.53090818806198
-62.622901890203565,25.315731323409597
108.52176012041777,-52.057010268131926
115.55532274923321,58.94667095116256
9.328717428980955,9.198854317149094
-28.388738325785912,-100.22466867357083
-87.4409307722278,-100.02247365526038
-89.94190423826763,7.305643598489887
120.86662043233179,-50.61453769311599
-67.09919015200842,14.84551484575456
-144.67910129753457,0.986862338269239
108.5067135612031,-16.79083077166918
-34.158139046610316,102.45865233641574
-57.07592925948765,-1.9628934155982047
83.47706106357481,41.13526359746055
21.088411035977508,100.89916557644982
112.00218816689903,-42.30248685735083
93.15032964373533,74.57417249343293
-150.26881523442864,19.601472764262144
33.36551659131727,69.9666936014891
-150.76488660041957,6.2040688560070265
-53.035824879011045,17.51051498749802
-54.76382598974841,-103.08763988337392
-103.08569971401833,-87.27192865911292
117.25933661294866,-44.804668515726895
119.88501901797011,78.57808660593828
27.824772228740677,9.759431510161164
-26.736872306994467,-6.174276214751123
-71.51318266912214,10.148701277848737
0.7314958280266903,70.35137870114717
-76.25595279306857,-28.229163877337708
-19.306802447771123,-104.43250193729088
85.0946234333271,40.75299408265684
-7.716642531758002,51.11810531749883
-5.459261439904479,111.42403566033688
-24.146032392115792,-88.14763512830051
81.29274444794277,37.977932893728
-89.13186149242351,78.50428182301859
111.41127171759213,-41.35089915901938
-16.056998280325512,-18.597799576542723
-88.2547387947936,-14.488095185084347
-93.69134765401934,54.93898333447733
-34.2047914004262,102.48911041355522
150.90640774200892,-7.893011746798102
-91.13134386248332,-97.82184262510992
126.40991674654973,63.116123244938144
23.302022622478756,18.346258620039634
19.901438090310933,-13.825439919252675
78.38964502153381,-94.1400657215348
45.89122483101344,-24.83965538232056
37.11111007499662,18.43346159368924
0.6298771815598704,111.5774313033836
-149.3779057873121,6.568544160738133
-50.001284138962646,23.22343648973316
-85.72371353693272,-24.06933168333749
82.38782691138408,67.98319411941722
114.52553698229758,-52.11197974957111
5.298701701153476,111.17352646275504
80.4301764250166,38.08417688102932
108.68096207831006,-16.604171726639294
-85.56506383390592,-18.1631546882512
-95.01161432156101,68.32926199831314
-146.5518081369099,-3.029277865405653
-23.683511262987203,12.09492118222371
-33.51532961178767,-46.80214941762395
2.285264237540492,-13.09009457864919
-37.87891943457215,105.52696582790874
23.823533633014936,-5.999289398533138
-71.82563604052844,-102.11449010088666
75.12773394785775,-112.40427123075516
74.62385451747981,-92.76167841625333
-122.34132248655851,47.79748969850977
-69.9128749550211,-106.38763568021125
-27.836346161869038,18.111610636605725
116.15189226064349,-47.24646396799072
-29.390489365776933,-88.32196514968349
-148.78674183050674,9.235354108587517
129.0157109411584,-11.6882839146766
-26.856031964036198,32.91159016148952
77.9758339996858,63.84825790719593
29.85282516573917,110.92622844128782
-53.09381964367174,6.893665843838173
-83.32438112541894,-28.73803772148779
33.588909635670994,-35.90268573622314
-54.93387797679247,-94.0604775186265
-26.854755724428422,-86.98205604609237
-51.64573886184658,-27.770837473960487
155.32222189463184,-12.582601968361633
116.48436338608884,-46.97032832557943
74.20894422853122,-82.44035187110954
-135.149734016271,30.772725644354903
-24.04571468180083,109.19321095855149
69.3635080700313,-97.76975790213996
60.52735352176006,-115.85320020233539
-17.611176834388925,104.24481271322023
-59.07736799149661,-38.82373653586381
12.13997821220153,21.947344620593643
15.814543948275986,-30.042608488053627
-110.08426162908502,-101.08961112957807
143.1172339830121,-18.228456292469918
83.91332802852752,38.331321411077624
-39.733771953300035,8.391683445426969
-86.22702573467832,-21.84547259471464
-114.24965164560217,43.425324892282426
-9.430736652798897,-89.50231535214124
122.49569519570089,-6.32910527824246
-29.290414970834615,104.90837101056572
63.75910138697887,-125.44546641138224
129.33480022560556,-45.327825797354215
27.119662735819983,-55.09776229776787
-141.77298359571503,11.253776318155886
-107.14788454014092,70.91042297791488
69.28214469588546,-92.3084639619173
-51.84560474025531,23.24688980933881
-108.23698985736075,-107.04729098171282
-8.886272962220668,-28.145698816981906
-71.03764281775655,-26.51568929019074
24.362345244742393,-104.50298042427445
-51.35758829281426,-90.83140503820806
-104.49357410273117,57.49431757893166
-43.44498763590229,-39.10902199431069
36.30479799704619,80.4893505708747
-33.32960782833836,-84.65501376074643
-3.5572085919478793,56.64120788812931
-131.32918626162078,41.84034220520665
-61.93275006143779,-38.96159618070227
-15.104528602932895,-90.48358559849305
-34.13441798461427,89.62317849626955
-141.9296849422845,-3.647155127437291
-100.56368994691321,37.48096078688331
-110.10890858062804,-100.88861456569019
-48.85623435305318,15.324633574996225
13.640122158204163,21.986495589087067
20.009918072164265,-115.13587656595863
49.461908374292165,9.679001205586093
115.7358751606073,-12.156938288758893
-14.27821366703285,106.89660489140853
149.36659351910163,-23.955480663348318
-132.4775669367969,49.21873246450177
-135.03596156339714,33.96758940219642
-129.5363528373217,34.20993182284157
-67.80547144415117,-6.5657670847462235
-28.61295534693276,-51.13065572597826
-112.36789812436403,60.815086248529774
-146.1424156416925,8.15987248840029
-7.259195176496418,60.17539878154276
32.68759649073792,99.3305745873937
-87.44601956764933,17.41840275597506
-94.51623398694997,-102.23629832040773
143.8369342004672,-39.54959099826369
97.99777265467307,38.903461738634036
101.27451144459383,74.88059642914529
128.54579218223958,-42.05349061138374
-9.145520119747419,-21.978341059422615
-133.05736063108168,30.710778976165976
59.440288817055794,-98.8522897725334
76.86811222258869,-113.65742510343857
9.807206538614524,-9.021378372398075
16.403979223896258,25.396214226396953
74.20166811835139,65.33277783878455
-44.759274941706146,-92.54485203880306
154.3892933770841,-24.161471830853664
-30.383686887338733,-44.96047686445842
40.25108396476536,80.9894928254269
-20.716884254134694,-92.24180669171437
-92.8010153705202,13.385586274500774
121.98104047422342,-39.77723515214071
-13.941830251888844,82.15469188544404
-106.0558812437935,-99.99026431827056
-6.898658213132431,-21.02519150383827
77.68884673676838,36.70770046493281
-2.3815557484603267,-26.431142154125926
82.14813950905614,41.795669760731876
-54.90497162634591,25.946539936287174
-145.8266585730602,4.6592226579044125
17.510636838727798,-26.64240580303833
76.35326815046022,43.160862093763015
-119.35193496893018,54.14233332150472
-38.19131390399329,128.47846288152638
-30.240272507032866,63.75903909358872
-102.14630215737877,-106.18076940893187
-23.73366244476651,-31.955979995809535
-145.7563441135589,-4.211113971925982
95.05193850829461,-92.95269848062398
-83.49626671426282,-23.47997713850898
-87.93823014838449,6.548736675682134
49.470344959574895,9.68245837274382
124.25758775664096,-8.457116302732954
72.24119711480786,-97.85978116836918
-25.758751726749257,90.69389239783118
-148.31198874862855,4.897430918168201
-119.51166266176318,55.64904661802518
13.161130433515774,23.273865134403522
56.59291803223633,-126.69594699281046
-103.48601749689982,-100.32819460744369
87.18088595258463,55.74129901201981
109.88260515819076,-44.563338290332496
-36.03022394919215,-16.495976497621516
86.0158305782639,37.2581651407885
-76.6044782569809,-106.86065154273952
-17.890966646553665,-93.95439007938336
-9.355166883247449,-31.251603225220002
22.9846587623231,-104.83733239276049
-29.19669228395054,81.58125524435178
29.354661051331263,113.50985950587119
85.37776673988651,75.31691946997215
-27.03534560011906,-47.5168952149255
-110.4489436582978,41.007247925041455
-89.17179155593614,63.87134560772097
-36.43063565302349,88.40678550143369
29.336186305336238,113.71260241974721
125.23426605176569,-12.848476829518031
-73.99358287230321,-25.054053110449924
-56.777663188107454,-0.4299053252353832
-147.23747853272403,0.6176338437906134
-48.54202799308845,9.52774764118239
-82.50963876793787,-25.61048729229804
-16.815661568495816,76.96699934642233
84.738599026241,39.151608475286366
53.495234243422786,-36.78434143485461
-36.633364465834035,-41.2101536284776
11.770847283898584,88.79671692322988
15.452595364758112,24.374034203801646
22.762879774297335,-29.008402037262886
69.77174942798574,-91.00532045635441
-38.53639002439216,8.695799725372023
-43.36942564939688,-41.91865613568072
103.17123383774945,-16.744378720615096
-39.64757627466894,-35.943234629499884
2.2219448499211945,63.41530359798625
15.005185625946892,22.82231653462507
33.90723079261962,-29.083875604056082
-47.22852791360103,-31.662143791768063
-111.04612816218066,39.54578100107788
66.09196121418623,-101.82239824964032
34.931237365562225,-6.767085494897808
-22.115369260084307,-51.89918166202281
-42.823470250685666,90.66472794942318
113.4373044379193,-35.561500931678424
21.83623264366077,3.906555841467528
-139.12792256013034,24.20916440632837
78.18582537725591,58.65658826499225
50.935471454233294,-97.72657570769789
93.6587220907126,58.910452714330134
2.853683408000937,-95.19028630553001
-39.53345030807162,17.836593635756397
26.20103126031832,-8.982130076941894
39.6787503681256,-104.66026811204466
108.99753472090124,60.08622322445566
132.0934575235314,37.06067944578382
-60.60028240979844,16.755193442762643
-88.30139057474531,70.39248734034304
-22.34533119203323,-106.7864396403083
37.028410828435234,-39.60540406430781
111.01416773058476,-35.01452140147221
52.876652818053415,-36.669078084524884
-130.55184852954977,49.6089947905093
25.811026215821613,-30.81878455044845
49.964243891258725,-98.15626143718048
-111.18297649109965,48.038709248235016
-27.77398440243178,-95.9411373941992
91.82930975589512,58.43211062478033
22.760341625370945,0.38172755293487987
102.48067429005933,74.67723882549893
-72.109331566906,-11.720079796415835
3.379941584185784,90.4819265881672
-23.243323615656738,-106.4501346037167
-49.22000539431902,19.785759682496572
115.00683935914202,-36.04715685715471
-3.4787506184950066,82.66652562671128
-128.562580844005,12.590330224751781
22.977192391288956,-35.95726470795604
48.543698584966144,-93.79089854206778
-32.27649532503183,-108.76165237456854
33.14761860663218,10.300032053629225
-42.21083694232413,20.847035729700096
-70.63989274974556,-10.080038617800655
-37.32503202214677,90.31870607294545
1.025167657708522,-84.62531367821494
27.355260713052747,-55.59931027708085
-17.488688732125585,-51.17230144245023
11.638542083396466,112.58819468691041
-18.1629533097239,-102.16196219866347
112.42438154473697,66.62022767911824
-63.11469175038278,17.364211909726478
-19.675599908218974,92.73405893509378
-25.967062293328734,-11.221710837556074
75.48967969606889,58.54743541542565
-82.69871915562689,7.5785476888139955
-104.34374975677339,54.953418069824124
-61.29372195273367,17.775587700510833
7.091912633814726,-22.369108920545766
1.1330962942224962,-95.41471508533051
15.02057643887207,124.11192010096538
-47.336597341938024,-37.74766282154655
1.440824778997969,64.73511115316985
-27.619837139655115,-95.27782668156335
-100.21198534739946,64.7847948188412
-27.430602447517476,-45.004311145056036
72.57544388614507,64.76532274587802
0.7224134988458163,-97.8203135685854
-102.47585103617875,60.58136611485868
-108.41744645969798,36.594362843690405
-21.948766794914572,-52.89881077330783
-82.58327279693296,-92.4574300685286
42.51667097920974,-107.95049655824836
-22.601232472449002,-100.56001435312201
43.693890654836295,-4.501840934736468
47.961911416609915,-95.74811759773121
-33.54510334925441,-23.80205322182707
-65.34704723099946,16.939298871616565
-102.98872011431725,56.1487673662275
25.017445541582568,-19.592065729333747
-3.1292398304130895,62.61526279433029
48.725537475185625,-97.09700641312183
-13.407029970956371,-22.718806362018032
90.17737020540807,70.48053491193329
29.34537229011094,-15.929676174703616
-117.6816106011722,17.242023937650345
44.86012003563213,-73.82191425450402
24.110239820425477,-19.77532661497519
46.008872143441266,-86.68242261728177
-43.253782187160425,-127.29144083858152
58.030813960563655,-117.5627477632837
-43.2597080573638,-127.28301422268228
116.81071057963901,66.26155966001758
-23.344769539118154,-103.92252207903152
104.51684789545754,-22.413166128961876
96.4087831504632,54.36822034216547
-87.35460023623911,49.365116784998804
-10.018658500086685,-54.32757166576004
-10.346649815782733,-43.19794452845821
-9.419359847681052,-54.36041113651026
-49.646880967394885,-43.92744812952411
-18.408853139225922,-54.76575237970447
-4.464340289852634,96.91794259581759
-119.81718354043895,21.154823915863894
75.35892507881636,84.08889843089638
-18.426988618236837,-104.75035514410052
4.52728545136586,7.123882178928787
-66.31576968443437,16.460047038315256
-11.277714820202073,58.75727083067626
-85.27418476693369,-95.02239545700442
-52.11874108141611,-25.573812796048585
-84.78221882747253,-93.81214955325271
-11.241476262692924,-26.339514275877256
-118.53163426120686,16.87976840229976
22.584500093568867,71.4065972329664
-2.334169843083964,-94.36983990190639
-17.973634665466754,80.16557017152479
-18.548322240492954,-53.031159855774725
-36.71518786783276,-32.239715248340964
-117.45174913513479,19.33131525281614
-30.509679188915378,-91.0336411211822
-17.514285680826003,125.94808743748062
-20.49965789009247,-93.23144360665319
103.18848767546288,55.917957806385594
36.84916118437024,79.30876675338847
62.57115292636328,-82.45025804037219
-81.31103818187258,8.725566858751222
10.23736444456099,-110.03809937915733
-76.97830086121905,-29.132847562309525
103.12198649058367,47.939617806850684
111.81347070770482,-31.299930827949932
-18.322998236429676,-47.240071798500075
-49.518925098508426,27.616383398131433
-37.460011227403136,-34.042555191302334
34.217615682268175,-28.2256896262071
90.54494388768427,52.42929473998182
139.92736352197787,-22.718969508603998
-84.57471637768266,-97.65002896202809
-1.2634117681453072,121.36958664242964
-83.64199231842167,-92.7741584513296
-32.166863768419994,22.1054498894396
-0.0952019426784897,-95.73574048976866
-49.57157045304759,-29.964917522366246
-0.5062823808279971,-96.70039612284711
85.34708885766226,69.30338926114912
-20.387403987593174,-106.3937846421033
-25.92435505458425,89.36162564841658
-130.7304120582497,36.49827496148649
-41.81152378211253,16.72792015312492
95.614917106013,40.90918716452263
20.880527805045478,100.88351341096767
-87.17820359472287,-96.80695879009512
-36.01639069714954,8.685055405741464
96.50965942691656,41.280581764862426
-15.350439511314171,-38.1746378007143
-46.05177133909221,-106.0934659100148
22.070674714811574,-103.18370623990323
-122.21672063180337,20.002727675433423
-67.10885455225399,-1.7643324766210793
-19.44822844036084,-52.54193332008128
27.336669144345535,-109.12785643618146
-83.68227862891676,0.6826377526319727
-24.718205815450247,75.20857748824349
87.16790819153866,54.13998830423826
-35.663329296478274,3.6783842283472037
-40.00938901338619,-114.53691897967298
32.54286821503538,69.1864280331635
-126.28285184878227,19.018205007761743
-28.051034835676024,-5.489229887727607
-60.690695783571606,19.060204474661177
0.2962180559454345,52.70008947962753
23.87777409013234,1.1206600102896684
122.84678516346553,-54.38045939989689
-83.2154168973801,6.748724675286529
-39.20624663581341,80.51371633437074
110.99176977042953,-34.052592318665674
76.75340236279328,68.2386539642074
2.7997295160025604,-95.50677517133221
1.7872004910691373,106.45820979852473
-65.33117707418077,-4.207383305001858
-94.8910812649944,70.28225263385654
-37.278156586166,-34.62659698641399
-0.79121034408275,90.44726775678028
16.52535704721533,125.00200236453745
84.32747233754567,47.27379571796049
111.60919222369222,-35.91044014693715
-14.02995808526258,-42.328281456702236
58.76635655289798,-83.06229490392796
-9.450314810911415,57.24368619493365
138.93485149694962,-37.98646984051935
-17.787752714104172,99.53309975121012
-121.20724379718361,16.085019084780107
126.38006697132512,59.72725372880182
132.12757466600092,-32.776423394559096
136.5978429710885,-20.636682875310765
-121.43538347551568,19.791510664468625
9.788189687053642,-29.06629243473112
129.6267108707323,-32.369479699023195
132.73118553450786,-20.82354181354547
23.41566505244123,1.6899531870350093
44.91202980414726,-76.32871181533572
-117.88616979469626,14.699241220749823
44.99484896651369,-51.30385594084399
1.8157520826418265,-87.51497663323077
-25.274446308509994,83.0989909001344
22.74936557378012,-0.28159720077342365
48.84017281167899,-37.093973957160046
-69.91101590069286,-8.449459748776905
28.186716918910953,66.0500047920377
-36.34878812986793,-35.577132050034756
-43.63655162473009,-87.40388120922127
51.77338209939798,-101.64203277340468
140.88081734364195,-19.949072517676598
1.7644298891396482,-86.98351168100704
-28.511656090152645,-90.00840246546811
87.46421434405768,53.52458314490274
-51.69564162669624,46.95094583266922
54.15537014895636,-102.50975966387348
-73.24745287583231,10.63437136566211
91.7358166843086,52.41603605231765
-103.14362346728679,68.73029556643476
49.87442194728413,-100.38061227652311
-7.427351249297264,-27.515022451598803
48.56517646053479,-100.26805070524523
71.40227828879334,55.697826163603416
-13.641102976725767,-48.646437862095325
-65.93114115230162,17.702788462388956
-15.067456990810943,-49.39997903704233
26.742224295856406,-38.33187680854602
124.88614988479938,-49.31648885943463
64.93728694752832,58.07082227875793
-137.625643246041,15.215349181904056
24.676730120534614,68.65505633063928
76.71086068350407,-96.17147394580772
33.360422270469,-16.200931398059083
-3.659426438854853,110.76853478111308
1.0783850247585363,7.154324520368539
-75.00051509695179,-46.97995323465489
-15.538123105422418,-33.98149464548092
-100.94269285497448,-94.91852381543426
130.41854516478762,64.32558323605251
77.16230800447467,49.399320720533126
46.536865758051626,-49.43536965053853
-71.49448277732895,-0.5878735438740244
108.7743192595758,73.2082504839883
-51.97860556087921,-93.31977928045748
0.7053237861791342,94.52518917003884
-58.33541340202706,-29.453515318950224
-56.4899066033027,7.322484102144647
110.37178702154625,-54.66457734632391
125.49295746475617,59.66587935142155
-132.65116336504835,7.476890394906447
-7.915076546515817,-18.074441172559332
76.91228886711193,-90.04109105752303
-13.890365190242822,84.84227237352219
-29.77716813261806,121.04399970718806
-87.20817714147746,-81.38238550016797
24.873112128016974,21.340953892177964
-21.580496702663783,97.31974073749629
-89.8160954947433,-101.31717950158809
-32.05983563778564,-81.83079548607108
73.88949326135406,48.17060325709708
-38.75949962317482,81.37328631113004
-93.11159209652989,-8.37622438769706
21.88635233893792,-116.17385225685014
-57.50218708632851,-110.16634185133921
53.008363505700224,-32.918365127922215
-58.75628151976008,-27.90692609659606
-98.07427292480796,-84.57812987599893
120.58965246928709,-46.87077671808272
53.640690713706455,-120.99238647171775
-127.51328902108929,28.87491494047532
26.252546162043767,-28.92750935528214
76.39088518283604,-87.51600690010102
55.79556808458971,-31.69423459843971
-8.849964918885268,110.21638757058798
-103.51550104855976,70.2910459280146
-85.38877791093896,-10.612858775851034
-84.90723480383785,78.24902372953981
-56.61443599482196,-110.39424484892159
116.1006584361176,-8.958387874298246
-64.89261880777913,-38.750838004968564
92.81664986640176,64.80285128785155
-53.91302428746128,-109.24631819625127
-118.90433789572148,51.34148936557194
-58.61491054298008,-39.923630508762706
50.419045156542175,-35.50998939507793
-76.79348744205797,-47.248538460237675
17.028628866339844,-38.03592766938676
-132.78822510124257,29.11429420850668
-39.72903547478066,-90.2048643537694
-55.94828390232512,-41.760097953310044
127.59550767287209,62.3067557152159
-97.03615149589372,-99.0332768460881
26.98037706472482,77.47834817732418
-12.134219669441487,115.26618281938673
-18.94954628074491,116.77996305375633
124.4593755280064,-43.885069311240635
-85.42425363856331,73.03377009274459
-76.2548934298711,-41.79961515180735
-22.29713661817628,87.46300380766377
-55.32443623454558,-109.15112719375246
-26.063809714680545,116.21826083407002
-69.97791923030543,-41.25077056145258
67.46551694310274,-109.9952962705776
124.8855525285764,-47.394285667284315
-62.76363076578305,24.038009281008094
-85.88665463177678,-99.25075824460602
22.418867098778232,87.18063408662735
-148.86061391987553,10.31614496328965
-19.179171087235027,-89.96890554483417
-99.89761300588904,-95.64220101321035
11.221690806659039,122.49293033319157
22.563571624182202,20.615631765367375
125.36915467465758,65.50635890175118
127.76344885033505,-52.060766814862745
34.90913774702073,74.67092036627564
-63.169063464120235,-11.223523241243052
-114.87122552150059,63.51145448234963
101.45505351585989,61.200327614303035
127.05080907590725,67.99289938037882
127.91113199482247,-31.692698855203975
-124.07111540106737,45.58150872348407
-131.53727784016348,11.078604319374062
-20.804300432894042,10.738665124393775
-72.63214763773091,-12.703550893483055
-35.05833789723666,-20.210825444347172
125.34446034477129,-53.18398564940165
128.70353762144873,-10.399780400827206
84.6184250340195,44.077268422126544
128.05966872230513,69.70578549152245
-54.370670348221715,-113.39389734048106
76.21442061731113,68.87245606843706
-45.583029375595004,-40.22569656435495
40.187398041857186,-19.873008703151196
-102.37063945511224,-97.02044339290941
16.86010987814679,-113.75393237006628
-76.42943355367187,-48.803017073050206
-116.03965630711951,19.506741077163746
-78.8224723667291,-16.01126378206561
28.79249689412943,72.02454326141738
74.34985918952582,47.93391086618816
24.998903733242614,87.79042905454527
121.82480178002137,-50.00931061975066
31.865072574473896,-46.4917037200161
-54.60113640702355,-101.07500195703517
112.47933028469974,80.38693211714312
-134.07803828641565,29.686254096102385
49.97953838701957,-46.94096406717924
-76.99936190097215,-16.902259076834962
27.056201165467353,84.02652803984446
-76.38954816188846,-13.807852180251981
1.8391803025765479,91.69942487284204
-144.03813954782845,2.865645374603751
-95.2318244209765,61.449140148761884
-17.59273993538321,131.79127174083928
151.8031915493652,-23.3780225758991
63.347641767679896,-76.8361660691874
143.3108827905447,-14.278997184452587
-13.347854365433925,117.97148726385437
-22.62279087683208,-75.50070380915176
-144.85223915878146,-5.946081134718077
91.87322321370355,81.36213587554201
-76.77523404372947,-48.92229901029395
132.4217256964423,66.95714778301846
76.49265356352791,-88.80440675711833
97.1419512666859,69.73764597797381
-75.02510613837119,-48.604529906124775
-37.693620509568674,-98.3393961772141
-40.04729720233965,-102.39352018069941
-90.9301232182193,77.28408351456422
-76.16072603148905,-41.83821959980227
35.70594212488737,-23.5541236881919
-63.78937699675311,-11.48784729960795
-90.07609847334243,72.68129086967475
74.41491564971804,-90.57948319802472
38.710049233618975,-122.01186258571184
-3.795591114860439,128.75119123167062
-4.598415057104204,-17.096834119302695
79.67817683074918,60.64812297523676
66.81660928442363,72.69182419814358
-44.93343773690497,-27.53191871581391
30.394812439640603,72.27972102122898
71.47118931442186,47.03612501079886
73.80140809204775,-114.55763186275433
-2.191335111693428,131.97230841210174
16.86204589152032,-31.56253426450182
79.50519320054006,-88.22612770362275
116.10543146419518,74.89609852215203
78.0250024136078,-89.60231451461011
-43.498066596034846,9.899142619495281
19.39996123559725,24.10836097189142
-19.68623306490617,103.50999017132702
85.2611975039594,47.76490050629558
8.454751661253004,-23.028193649935137
-57.30731995533181,-41.1652900146893
-82.36911253507515,9.760644892049037
124.22969443304028,-51.662595250349085
-87.3676768643081,49.273538422468846
63.369538873627405,-76.7451631839623
-24.787302062024644,-48.34871979310369
-97.88017272973981,-96.43395283707076
25.802888637966348,-33.00100215097279
-101.56771569678051,-93.86467686458987
115.59872678785852,-13.650794686534796
-136.18687003256736,17.541063303138714
16.901866241437823,-45.52038235217257
-19.315853743177893,99.33927300559773
95.4006378195284,70.41826094677204
-4.823758345734327,109.87661961936139
69.93567426943784,-107.200507081086
-57.1950027236125,-27.812138572196194
-34.229306262813765,-8.763090132462168
-104.59066993340292,-100.55835008991936
-28.27107095477595,79.61178712673578
-89.23872863909243,-12.212382202301868
153.98851243969102,-22.563084185692134
-48.97672426258096,-43.218031114316325
22.519368784768606,91.81990594082002
-57.93521706471356,-108.34181114114415
-42.06841645067084,91.27842678036225
78.5572714331618,-87.7435253078675
155.59782201930938,-17.138769429211653
-139.82883560009245,6.279281296759278
-36.55608426434124,-112.69497830001353
-12.057783723525723,130.6757139034285
-15.914604825185823,66.88218489383597
-141.9409282006193,1.0979308031541568
25.98791103426956,-111.94791096476698
-10.858319603645201,126.06266381292305
21.528849874317896,-37.35362722394677
120.50094658032245,-30.430461098161036
122.37416452651493,-19.83658897119184
-113.16014930482146,45.29493508147597
42.97090512899564,-50.3488080938132
33.15586427685316,-106.56383106119453
-56.140875634747225,-38.92719665240772
4.556395194108468,123.37574073586447
-32.68098347360446,-21.79363868538804
19.081185941610347,-16.060922150162607
-90.30962380561539,16.728277173521324
-99.35250303708546,-81.79558461777253
-22.44305886974299,-74.25818773656535
81.61582910094033,63.2445968546778
-33.88544889818207,-9.547193555189711
-65.6082513223214,4.6977097321661825
36.68074558950978,-38.542486250673264
-46.0964991896945,-102.59831433028508
17.88725642488749,-31.547596786437285
-24.018948299404872,-23.760397039205817
67.36806422635829,-105.55946500210074
142.87945249982909,-40.92663632759816
136.19258907694214,-17.078604187350503
-128.77438175079385,31.63851247700228
25.058344858829905,-25.384140153241542
41.22560063614844,-108.08225515500732
33.9625807957162,-18.370342655637575
-0.3357262523063102,108.16410520778848
19.753544638154086,-36.29243201063892
19.20109064973576,-15.869279398644
-26.734741566779245,106.56048275774286
-90.11900739300901,-86.48976331061401
-49.11144904914975,5.015532479927961
94.12438482951643,62.46429101773191
-87.72918601943626,-81.1811605480381
-63.366613897718665,3.02821270457217
-107.0661239354699,69.04310701733488
-46.4667825776462,-110.06639124407114
97.37669742541746,36.810270723428225
-30.72538402313848,-32.813952026902804
-28.341654198333643,78.97024270096209
139.4638226431018,-21.87534523928931
43.59176059759518,-28.583864930546568
-131.96105733914985,39.86019948217557
19.10789881125604,-119.95499593339302
40.687194061519016,-109.37346019126
22.165035009124622,71.49542594077995
5.2889377119394325,124.1864485229555
-34.344456388634704,31.333918418639495
18.805296823327105,-10.795629418570266
-98.50906538046107,72.2613945450153
-54.253986735710875,24.222638027626925
-82.18854099199147,20.65549236818755
-40.44342035512914,-95.8827826157702
-120.1656423906269,46.84285432337698
-33.51585229583886,-32.12221133723385
21.334484053959628,-119.08582359945314
6.184620324934014,124.85003718817525
66.25309113083858,-59.187280413134786
7.708678988363445,1.6376500597265296
139.82352575796543,-30.2978068632699
-132.5711206742694,42.16023507048199
-26.65119594982943,-80.66398027717061
8.682687261730258,3.2399873415093925
-24.394963076146954,117.2642520006123
90.99459896136491,63.55611994963737
12.001822369552848,84.52871896289138
81.11181965447636,61.716924541448854
45.785260598668856,-33.8289642703158
-64.0258415026986,4.729903352824256
131.8350164000624,-18.866731020093173
-21.304820902925677,105.49084775218509
-78.27461897623934,76.16715893634726
-20.393423229315562,106.99253631802975
133.44738038530124,-46.7969828678659
66.04218719826406,-107.95398943846742
-126.08528643053,33.402540653805
-126.46547345841086,32.40449046578263
149.48134137283617,-32.73470732343512
-16.72561147590302,-42.62717956680365
7.676562995975033,-38.96135422188963
28.4633871722564,-7.698991958584905
74.71786154120703,63.62733842027257
-64.85732010155812,2.1717681346767224
132.86639122380043,69.05704347622397
-1.8585865241588548,122.17864312241093
-85.14099834382125,-82.3168258828565
-99.49493293888544,-82.69222988454446
29.015585543941615,-26.87393821392933
21.002160577209207,-8.97642998856243
110.9571783582011,80.6763479356433
-11.225988733929158,-39.794202454814446
-84.30500608976253,75.44814417381286
-121.73754802487483,40.00772155116803
-16.556004180271337,93.46763179034112
-125.49039623107102,47.013334913535324
-100.24029327116885,63.4607862901485
147.5141674908713,-32.5990872436527
-11.861173716785737,-103.23798704465682
-126.6388791474235,34.58832973952704
-90.84443323351901,62.96830678863153
0.35810982955374016,-7.036220891262703
107.72540430379247,72.70964995434836
90.25880728529738,62.66225251345335
111.89522483382869,71.07532435601604
130.80294405015474,-24.234110968957655
-88.2660179452991,71.91364986589429
37.41403607684685,-107.69203465903222
116.48425306168124,-28.63973413020343
-37.70379985430436,-102.1094957236887
-94.26991759474454,47.62670778495141
65.11380295524842,-106.31977592622394
-99.25109818245716,69.68193135916962
-127.99397440910676,45.01426220873987
-40.71672759714008,92.27244669543067
-51.80254246305188,25.829962428356623
3.5297593255282806,-34.18985766756705
31.221673098171326,76.94024178846819
-20.534841194281757,120.53012146930809
141.7380046688415,-17.552546845606887
82.1818033589332,-103.12539219526094
150.38461364229514,-16.870156203334044
105.39096395963854,64.68017516404824
37.09872251381531,-111.24033213638567
-48.6627846728221,-28.044571191208387
147.176444325767,-17.71896434879553
-51.414769363506046,8.122797646102095
94.7987231722814,62.20908437407606
15.752481861146686,-24.6134877578525
-12.566090791389483,-29.092358362885115
-123.18647488497258,46.785850345962444
14.238626974686866,-112.50172420918558
-13.38425681564924,-19.309607390028553
5.196641335053404,114.80613911313307
12.093115137831592,-6.51056325258374
-62.6727734124686,5.212639775073748
10.973224337036447,-34.761275320608846
72.74986587068575,54.50364216898394
124.24778609365121,-11.370671498983889
-7.1987041113511205,-36.01525588571723
-3.460604251683095,-16.885813415847228
-46.14414913965143,-104.07499918564763
-48.09135383366544,2.9821505154141157
-65.54480531453046,3.1728925445598835
10.19938998523958,-41.60678838187553
-44.80029832226739,-101.92572775324402
68.8523102166214,46.019508957197985
-8.873834643868594,-38.57395957544126
-4.911973065492181,81.11102685065534
21.406715378092763,-115.98245862184906
37.579019851642045,-84.19655714180553
21.045426534458556,-114.35053587980858
-19.77579881935959,92.64226306511014
-8.796681765926229,-40.52423801931977
-58.541953728562596,-101.75970512483893
-46.510032406887895,-116.58498648945455
-4.551768187424778,64.72935963624904
87.73119863911077,61.19650505999469
10.697589846675537,-8.169625073526472
9.360941474862635,8.593431746822477
36.767531114224695,-24.518988590403612
-0.5684604012794201,-4.032575321079481
67.70549351934379,-122.1714882812184
7.894120556786962,8.031634744392989
119.6073927445842,61.79490108417782
150.99674363629336,-24.625799368538168
-53.152684648680015,8.512298303060957
150.2059383218004,-23.095595911062972
-27.61892741841954,2.752320655459145
-43.87947063718425,-97.23526685557592
69.95433095569486,-123.4647893086416
143.37833306698573,-38.082910657961946
-65.2837053020897,-104.86713386174075
-42.258340598173604,-99.7066489383979
1.2570135919977152,99.21326875644495
86.62485907309187,62.02593279730219
-25.486756293255468,-90.31509511068062
100.91191242576465,59.05935090691732
129.14100741010472,65.74259091345807
-35.154004421001524,-107.56602018678468
41.178353382303996,87.54557927253838
-92.9905829122099,-89.1879755523597
-91.09792257269018,79.0753721681832
-126.94705419350728,41.602686903859464
-30.528843404553264,-84.43950847396383
-67.85249394918623,5.258367085140719
10.561357050736666,55.750686152633456
-9.596017288295558,124.64284066633944
109.41305760556952,79.40689371019094
-43.173808038982514,-112.50106811307559
8.947329156108067,-40.275253933364496
-93.50996857760666,-83.5525599325883
107.83583259295658,-12.494159000839561
142.37723620458726,-46.09862931597332
155.57387500221654,-19.308243531473728
-6.823989929271777,125.49845134969989
58.57031481378969,-123.03613428032185
75.95518438152533,54.69746933250635
117.90351429383223,71.8895935949035
-69.94740898917999,5.213343532768235
-47.162775005736044,-112.18670712008706
-6.495780346971175,125.05901877292177
-87.50794672776428,-77.42253820460597
-125.57764835146747,41.87517860267782
5.24172107259409,-21.308177085260624
-16.80797034569878,94.30432736797
-89.52137634123319,-87.83542338722651
-28.034967442504552,-34.901241354938264
66.37404290360443,72.97044384791722
-97.66358178371381,-86.17455427351658
78.32899617748075,24.437330926578902
-150.4061060404945,8.34645845557327
-96.12167635124577,63.29450987269707
-95.22400565966521,-82.25926984459318
7.249499960714805,11.418896193021695
141.2637274513877,-40.85781250557722
15.468899061227406,-32.82981538847852
-86.35128095504109,13.372192076043227
-102.60727494560123,72.89802325178353
12.273876115046827,-111.70348438314025
16.87017831001393,78.45267960427434
-53.013232263680635,25.160775777870516
35.50039068657684,-42.66914642849179
28.412733158020924,-4.834187946084114
137.56741552115562,-30.923159019440103
-18.740181039549846,122.02083615992845
106.97835301342216,65.50781221638229
-132.89625123012834,38.638908731664536
-50.275039579555745,-2.827006490970578
-71.01855548596293,5.660112877167208
39.89150959608849,73.10971595971837
75.43427869345456,53.08291968930869
-32.02055374609163,87.77859693353165
129.34605179348804,-23.353289226074818
-87.10957542132967,73.12156292649023
-108.71046555875161,37.11233551474347
44.085636651473145,-35.37999313657606
48.16453226387452,-94.48427236964397
24.841746425239435,-30.571200383826426
-11.910149213845596,104.64583662818723
96.78522283737581,60.66551587832005
34.42690378147512,-7.563998703756075
-91.7539775378309,13.86062316467976
33.753552905886956,73.08172697560518
-51.36540787095031,3.3377075288240063
109.49515405675963,65.97262649654928
-11.654561856528963,-19.751825958392036
-31.629017031053866,25.759652858383596
51.47297720409792,-76.03245489630666
-27.728056844930304,-89.32227029645368
-25.00450161705766,-7.847816682912282
13.63160367394845,-40.519933731598975
-29.91796161580476,-115.01704258165445
145.53182043660286,-28.54841800245193
-42.50475991761789,25.601438637966336
-119.28539299078496,19.419754432958864
-148.75730985047593,-2.3274480937472948
50.27433876785306,-79.02444565420201
-27.81772641169915,97.6884968473865
-14.593837202737937,-51.783036417174394
23.24020066444882,90.20039065381702
25.723789739437272,-17.499681812190207
80.77395743021974,69.39606505745697
-93.54952657945867,-82.41217182912341
139.75122779176746,-18.605678596260447
94.47591138791357,51.588970128611926
7.5768953933935315,116.57320779201775
-28.074090142550535,29.446521013195177
-5.5452004129252765,84.69832284094119
-22.47522331656136,-109.32240706029926
32.88751481504956,-107.53272398515657
-54.459405481374496,-31.48644051180756
159.27819631383582,-8.620736540351894
114.01811274619975,-21.5052514021024
-3.7684460331689196,-32.163405527383055
-113.08437905302112,40.158762134900144
29.574147206597438,-105.65238724167867
52.30756282732807,-77.89818747082273
4.006687204037947,-35.09101742040385
-12.004420181322482,105.35029719010653
11.29680244871723,-40.16449073259502
19.64757186901269,-3.877455959202942
126.87950037471703,64.96390047092507
9.350868657432704,91.83989950072247
66.25141516359955,-59.184519545193915
69.39836857898345,55.40307949593608
80.36055375272981,43.97447298384048
-67.60188381146067,-3.9485664367754914
128.28410313021598,70.01210053765419
-42.15115264575424,-109.14584969944559
40.23472592861262,-108.4851680188101
-46.44966021864648,-28.391998526066335
61.25540418982082,-104.73473129480918
129.92173553307114,-25.64223082729643
87.30383578397311,73.67172853313247
-46.96968714537841,-1.345467308764107
22.397124315253258,-114.85876926573701
-37.983450310240855,-101.02410299341096
75.2147914043513,67.30768913498981
-14.835311317856304,-26.75029535107299
102.27503479493946,-17.889036607312956
-24.62382625772748,-33.29562108331296
68.40498876311727,45.25080595875673
115.8636456397551,-23.34589425042213
10.167398952743813,113.55747184786064
-126.85145785726955,13.515472852780686
-107.93758842052056,56.1273410474803
25.853246633342614,-11.947997383432913
30.01723118612447,-44.52097889520637
30.031893403710598,106.93403591426602
-11.205737561319266,-87.03942114198709
-142.89085534684628,19.508004352309246
134.21300714892408,33.57539465628387
70.29231467439024,55.91864675092044
126.21417292756809,69.61701275106181
-59.93343764185367,-0.19004303713732237
-8.325598067587803,62.65650320264642
-0.14043551818340747,117.1491561248445
31.58182454456187,-22.2410055092002
76.90584476571348,-105.98582389286115
-35.41791156654729,119.50344216803946
-8.205447045876523,-33.97630962200947
147.93641145256552,-14.812469568746579
117.82646964020311,-28.292185037313583
-9.585604333434821,-13.656597140609854
22.75293027728317,104.85425504193454
127.79560391521436,-37.47241865618174
70.3460304512888,53.00940580836986
36.784969496201064,-19.38232740764483
-69.66456234256151,-3.724167366615385
14.790319348508323,-19.045412958139934
0.09609884608130291,131.8530343602767
-108.71741901301179,55.865491876662816
-36.12770631522144,-18.49060206846962
-16.158947412524345,129.92076126967228
-18.30127774647163,-21.324141586876003
-22.474228778351456,17.801285426278532
2.965205996779248,115.95584819676928
-103.33527007539101,76.22162150932719
-35.63263167705827,-93.77458713440768
-58.712908932622696,-1.8645923410947796
-105.3458476529714,55.390656804786744
-36.411933284666695,25.135994655589272
36.82202574821333,-99.18218695499955
-14.420807429382082,-54.38897532842776
-13.702060099648904,-26.955047484834438
15.670224939686307,-42.87992204037971
82.66304790624498,64.47921533517946
69.88441944670284,-120.22654701523692
-59.25947400846017,17.827668442471666
41.70658532344887,-105.59126947745068
23.58271032181003,102.31663421029582
127.16757748270975,-50.09339447442044
92.61697239273322,69.5074604177753
-40.95421620345326,10.784836396681765
-20.57458253828727,103.32356013722516
9.66629108409387,-38.40843629984173
0.49410421614863753,89.18540907618329
11.650213643339267,-32.8375244717639
130.8139759520763,-31.936556709640158
0.41054332159533874,66.56528192990358
-103.57316516320779,-80.0966262767646
-2.7736181518185106,58.95677536444687
18.657289345850714,-2.429677305916857
-29.058339966280514,14.51654453431141
115.32906942549818,-22.28607635785077
-90.89519486282062,-87.03591183455826
0.7498420005893288,-93.89585264235721
58.76822229046952,-123.23556385959152
8.840783924593469,-7.3152834997542735
3.768750089271069,53.0643788808291
-44.91182340241984,-5.235912015367342
33.34628197848095,-14.982958666623308
-120.04118674547021,42.11019711331529
22.1984113752491,86.4582214501748
34.22182885056248,-8.77836174464699
119.32132691268382,61.15084278854372
13.409925757303364,117.64571227787762
-31.572695986732644,14.547520850328585
-59.2541091273344,21.370341806184474
14.33675921994634,-33.76152902179673
81.98282303436743,65.95827369320777
84.71937861752657,54.35977953057638
50.67254928733515,-78.82573761387091
-52.22590793793952,47.18865282216462
-118.67315309847525,22.242436634357283
109.74528691954072,78.56458442345432
-103.40036612411592,-80.24086492760516
-25.15236459258298,-9.142977396068266
25.149654321512248,101.246483643586
-25.13008137954398,77.7175108872658
138.46021866024216,-31.64417034140493
18.177376921476757,81.842515864102
9.835146999917665,93.26846056243936
12.507215835152461,-114.47212510433882
133.6692208737865,-31.803242257244758
46.971251281075695,68.20145364708041
-35.1263626012573,-95.47911389409836
-20.92446679906111,-76.67199643735603
2.567727801759503,2.681051338468751
65.44607369579602,-125.42700244179973
94.95994698527049,54.11189980023913
-28.12608040537894,-28.68011940578076
-58.43002280603901,20.54933362434568
-101.25576181428926,77.086056682207
131.9079555091116,-35.10316328794443
5.371134986934774,-109.78204704388669
-1.0988613550084385,115.82764100540872
-94.12084527407607,71.51426057814376
-34.564434654942815,-93.16801402106123
11.776006346054702,-52.440724709334475
-113.78392605840632,60.83023063633462
-18.79610833764458,-77.7154000809994
38.79503648481416,-97.4238879213249
-92.98624109472435,12.210289689769905
41.230419239465526,-97.7690237490432
110.9448338216202,77.46193910327268
-33.38234108587529,89.19706639265048
34.94299601911081,-86.66342002429825
1.555458386406801,-89.12991529433077
-44.09388301964906,13.135353842879937
72.55604900386182,57.22270449205717
-12.188234831465879,-90.83220185620469
-57.31378981443344,19.738422380979056
35.32984058595253,80.98658494785195
11.18516975794737,119.82655839962915
-76.09660658096112,73.20174756247326
26.955303637455554,-27.17553011306891
52.250054161901865,-39.13919441489804
-19.644196525095026,-45.324749228855055
28.082420199363007,-57.07944613501817
116.0013346325747,70.43468400955506
47.13067603244366,-28.636639268570754
24.22535187854188,102.0693318266249
28.496550280150597,98.01260793267986
-125.20105172278899,14.196117987822454
-78.26555225477814,74.77485920858435
-14.716491582652104,-29.89595069519209
-42.46165516149465,83.52191843315741
-40.7849232543489,-105.23263852492408
-101.76678624149795,37.23554157929498
-137.966109778409,20.822611311369144
3.0202448505595747,5.9393417127004895
-129.830104927295,28.409500444457468
-63.2360116864991,-8.238011762301255
-96.54685501531527,-85.36711002835557
-8.30988869802926,-21.171648248219658
139.9879523910236,-32.08104982031028
15.8803118156541,-20.188715257282606
75.0007191461283,-110.20625631434126
-54.06433203581123,8.591740013371446
-50.53180550304269,2.214982769841332
11.453237714922713,88.4966668002917
-12.168409595075305,-87.27229304291595
131.86522930324344,-7.693705326079033
90.27062919796651,68.5988480958801
20.066696576010827,-36.94460342032999
68.60605126894198,55.8739881198936
87.95131091204583,75.39112286249966
-22.725352874356897,-86.14956240242198
14.099162221726013,-25.38199481688603
65.65098980348053,-120.69288268675331
103.05863948442105,-18.1529956914975
-26.022705688303745,-92.27182615885128
1.4892894717132292,72.96876928270467
23.299781673187052,-14.431201622214472
-123.73737014827832,16.64761299092917
32.244248470169005,9.43572187146963
-21.515976419555674,11.19820683903613
42.861112515287914,-95.92754689098145
-24.151954435551566,74.20958640682176
39.497146256913595,-97.09939796123858
15.570693423490786,124.3763365322945
-24.250616989359223,-104.9260091214356
23.92384237297737,-105.93541168142099
134.53163374517555,-31.599085402767074
12.25994883847701,106.66650789775885
121.00404822082685,-22.435324521270953
121.76011439805237,-31.0603577956589
-121.89811394436853,43.78743937813763
147.28131956871022,-31.485841531669077
64.01609800677515,-117.09911084689966
-125.86616152306405,44.04129533119574
-28.278432443552397,99.73220801107296
-35.1266705741734,89.92064039116903
2.94747537253499,3.481820758751747
-45.33510518319966,17.37019208604535
28.98495862464455,87.4295326650326
-24.629790482347587,71.55010535275939
110.84553956323069,70.11393080554599
-106.92187347423548,65.39682828155614
-39.03543839205254,19.404457630948425
89.5933122445832,73.01047938167115
-25.523968921937904,-85.91751110211789
-79.34009205423254,7.432173133829011
-28.710819901113528,-27.409012767463793
148.92784459079567,-25.599004477204584
117.78744758649098,-18.416788298262595
-35.77985266546213,2.102238809757703
-119.76682928559265,53.34322668393816
6.168335393587426,-109.80920537350327
63.425842705967284,-119.49391248482111
24.1746540767784,-9.56787212856887
-31.290636327972823,99.91863128835651
-119.00609739548625,30.4576566941339
16.278639961272077,-6.402470314840135
-135.3648052315627,25.420266185504694
29.94398013390305,99.56962512164178
126.21552947486315,-9.684437978497954
116.48510242854368,61.74788564533969
7.483221437891461,115.94299246724424
-39.826968207579355,20.62525501976881
-30.626233704934485,-34.20637738550646
-16.151401831782778,-89.73864115238288
-33.11122494259328,31.963321494302857
-31.868559530083015,-34.30640279434619
28.53267844775357,82.33722749737692
125.541652392639,-26.576079945585057
-124.85233322616018,40.583630932654174
-134.7084362877549,42.74824205299313
-6.972786274661145,61.18016083342708
33.520156778163184,-84.87764891190473
128.55156974740143,60.74633744322011
-38.3345459376275,104.67122963691673
-26.694392712285875,76.09000474837067
33.65675796032603,12.76201991114374
-27.39748716953565,84.45693139039673
34.23990736843802,91.77764128132473
-128.75392811897513,20.273075085456806
-48.57053328641856,22.502828079702905
-93.39491542123967,54.79983709340533
-17.414660300638154,-106.93836621897054
-109.10335441958989,53.792971778280126
-17.848191217255938,-42.876626508182234
78.97062412439776,65.48940634571824
-20.92522521797707,-78.70423288707724
-43.61721317082945,-26.151121098634412
-9.137363131801667,-16.119728960795477
-62.43362668189891,-6.258146752571535
11.728743259982043,92.66351790679093
119.9025856062005,-23.300051902119645
-43.32470101461655,15.764124278476517
-12.887851688624787,93.04446450370166
148.54865915736514,-15.964676175672835
124.27013062198321,74.32560196333138
0.9741662533320334,108.0830719976863
-16.790415066728315,-56.43714437782142
-118.32683363200576,47.28455851934687
92.05126378692468,77.15146935113535
110.23732791717379,72.31562488574441
-106.1293599166695,50.156785175821774
-24.503500181978026,-81.47984112732152
91.7039479018925,81.04421870792766
12.0348065519393,-5.680307380308666
121.39834352729197,72.62443941505553
-128.27372909188435,49.524468370620376
133.04775404425692,-41.58631728087364
-41.09513477689295,21.947925563269322
-98.2661842291409,62.120847499679094
92.68404760179891,61.49500940207937
43.501078566610346,-1.8969434404069987
31.109845124405773,77.49829896668267
-130.18299191940073,26.812393670711167
110.18347581001801,69.75861079083022
-82.63516856983446,18.48634182010444
16.047566049924242,19.190946379060943
8.254725120144963,55.493722068780194
66.28737443714681,-116.03556966800255
-9.964057686441224,86.7749459183524
-49.384728429814196,18.161720028471695
-25.291532261490687,116.08833181673201
-33.78934588557489,-111.0882521077819
32.83196003146123,-28.0027659913164
-124.51292269995784,38.52872382613369
118.08863360209384,75.04780319138581
-27.345808182495286,101.71166437146042
-19.129097232144883,118.49093756987963
26.515479753233652,-13.42556778037679
28.616283517118248,65.75155548722563
-28.021662646955786,103.16384613300949
24.635356028463654,-103.32875329354401
-20.797857381461608,-30.648414048245325
-4.335008709607677,83.34361214997753
-45.5953923115618,13.746281164984884
-107.16022222403723,74.42255211988386
65.65239626194513,-116.30016713142281
32.01939872723885,-24.151278623551377
135.81493876687085,-21.352511883436105
102.45882627483498,-22.50714860591007
33.772065573785056,73.20246198907178
-15.149868428298577,-54.8951099648388
149.12226098888746,-11.533185352555867
112.61962021562233,67.76460404720638
-107.310678485018,50.18804177610344
-112.13807876581494,50.5494134488596
-1.40016989234698,-37.473947182313225
-10.56304833237987,101.96624729331627
36.05129022090895,-88.40380710196956
-84.65175343786035,69.8251786301971
-0.8483817678895235,111.2328916840378
44.135281047131194,-30.62762376850046
62.903854058408946,-123.85108731937497
-13.586723518517339,-11.06783766006541
-16.04071900501658,82.39781024312246
-22.876633076600314,-7.596879591662137
77.5531195837347,88.17463366945019
-9.713319766738975,-80.43911516879511
77.54273452716424,88.13563711966715
84.12098400857332,73.59267329775055
-24.61911146561154,17.888102251914678
100.29316491733593,55.12550235330144
-26.924559873848526,-84.2789184885714
-16.305573474238482,-26.769205414657716
6.186143856768251,4.981034964478239
108.23459842605374,-11.908829034181634
-13.499320325990634,-35.65147295196842
69.86883000851661,70.42905922112178
-6.5307733427063095,-28.243627135995123
-3.789010362700803,-10.38237500528772
-42.41270327120916,11.361388815633438
10.977598635448098,1.563074071503474
-104.73923321419271,72.18955512235175
80.33558443148534,67.36889431135987
-108.8843850394081,50.457019303852874
-17.488806719952233,84.26400383271816
-47.63289085908168,19.54365226785667
-14.593712985177694,95.82669813257375
-17.992755373118566,-79.21056691724398
-38.491818579395186,90.61574479108462
-7.746525783685225,116.76557345082587
51.55311739882608,-79.21067049856914
12.930635215559619,-8.61745404559676
53.445516929024436,-29.317863379402674
-20.118454630395703,-79.67268390192456
-76.2760177597148,-15.586364699503873
114.91395283562505,62.77345194202669
24.418017601429156,-24.722044435040328
-3.173243932980726,107.59434144715802
102.99062803121917,64.8697691824721
-21.646289433629153,-80.18831184148195
-36.471577247602504,25.25852483344468
118.6266749617559,-18.556888294396938
-36.943028240690786,0.6120494071931176
-29.250414046093248,-39.7344535144461
1.687157157863373,71.70277352870414
80.46548307191712,53.219135147305934
-84.83591618431521,87.230940762682
71.178798599835,-111.99451528292855
-36.589942926106175,76.40345315340066
149.86088786632865,-13.72129676873576
0.30608058450081516,-11.289473644637756
-102.96215513346954,66.97759457209963
27.60930752175023,-18.912325259501788
150.27359419284184,-11.837267597760604
128.27803195920728,-20.286435942816492
119.46985276098437,75.3393111129454
-95.52571803523172,71.47534409020022
35.58591426973881,-86.25745591417567
112.06465639244115,81.56380748820922
-23.35492236640043,102.6582596072512
45.21538890528599,-30.735998515739198
-22.557800260253085,-85.35662392861637
31.164217782769235,82.19073480303675
-20.49474115798698,-26.127320867094443
44.65007358864592,69.03366545602782
128.9292777347222,-21.713744930231787
35.15049693650099,-88.42627043235342
-50.64545688016151,21.346865173425915
31.77803844724156,107.43153525954502
62.44000772206998,-120.95939593608095
20.723503675772935,-42.38153819401343
-23.85903259813108,102.15749319368584
0.10575271443799959,-11.18082078105293
-32.85668055788481,-27.363267396171114
107.31625561213636,-22.687182483885007
35.452159620068464,91.51260678688858
56.387093001980645,-125.8914721345539
34.48436041498607,69.7765042723609
11.899898301104404,85.16106585943898
61.21143515497999,-124.77632964521788
34.680740143836395,-40.785472246683895
-0.2132747815237307,53.435070724344264
-44.40579679836727,90.03240415871649
8.449553051598645,93.40656394819133
74.81353773099951,-83.67331904762021
14.029057256068675,-7.733762205703232
23.521950910872146,-4.888647375235828
111.14594252839456,65.84200017513704
49.025085207705324,-48.351290340779784
106.25681269289463,76.7683819484558
-11.382894697646833,-10.601699110955176
108.63083831336519,65.05533225138265
104.53631122364258,76.80936077765575
-46.713303161256064,10.094435923729606
151.47209536493156,-16.009275369466422
-1.9441402638119687,-35.74188152315701
109.51114516725245,74.4224908800849
-122.64283078148749,41.51891652236082
3.0838192843990093,66.3369769447242
-4.754344562388661,62.43724473810993
24.276207763000848,59.780260079048816
62.10723837809248,-124.34576814340659
-91.46351923740177,80.90463163534497
-98.57133762370538,67.71151469895982
-87.65427093068656,-78.81775731887615
62.64834074661793,-123.091875468586
123.67060764919856,-10.205427677696656
112.25933680929735,72.60178563987937
35.67677523428941,-38.32750257032613
30.24150292118731,87.61268937314507
79.99400110011075,-91.49777691434491
-26.230659258410306,101.35708306088463
-86.92852618166742,77.03217565061486
22.623138589987278,-9.652076926187688
-103.78917002355129,73.65210025997543
-44.493666295710675,15.90008007935307
41.42154943493949,88.01159909687347
-6.297930106339703,-40.27291858145048
37.328966019614754,-87.13795074998556
7.35742645183723,-4.170315532175135
127.39701993766315,58.19075413609186
140.01223109872112,-20.69710662419311
-106.44616748319976,65.11789328291448
123.65681550564318,-17.175664062624225
-9.8461719709378,86.85534906837098
11.080728675924941,92.46212310228474
29.614305881712024,80.73194802095051
-21.604204163288195,-24.529158937968283
13.452517726236236,-112.84034828288527
133.73437114854798,-44.214431567721824
-6.79255129486462,-10.416699775977001
-142.2209554881045,16.6372843357673
-95.79064357299174,65.08940881674759
78.56260964416016,-104.83612235300633
16.59464597693531,-44.01414311033715
-28.914301024633183,127.08338094408876
145.39323140782912,-11.333652158978254
22.36241012952336,17.58810630615518
19.64296511195292,-119.0648203019347
-94.8218260123346,-94.95011747978896
-32.1877137695871,17.98810659824027
99.16613093962772,41.06153178507331
38.854482821471436,-107.20102801503354
-80.91067750463962,-11.550611663260224
-61.15835999724767,-4.614202783640514
-68.95375238610575,-105.14283742963006
1.0992573043125966,97.9211329222402
-43.696983363678214,-37.83047325481743
134.2041828201176,33.81591051471643
139.40104610617104,-39.10392395473651
58.42604179866039,-117.87252326349089
-138.8064116641479,-0.9291725572555604
-123.03145789721572,50.94463388977051
78.93911930537652,-101.99273781786039
-50.6139395748281,-111.31430901183089
-26.866304577550622,128.13966494177987
52.200696779043184,-39.89182662520842
24.609099967447555,16.290936271377255
-97.76051849457966,58.64221159249909
-92.16133828013696,-93.0998614873345
10.942838726636845,-33.687374513477145
93.93354626361713,38.69530959796247
-94.14364901216125,72.68570714178945
-87.20626552188945,-11.994892811852145
11.911886248200316,106.07892078482145
-70.84373047143343,-104.35674926254393
-15.787510526032236,-30.757420698037734
-53.75342655194694,-40.896023520417344
73.98380905493553,53.981174555739315
139.79767116344902,-41.68798746274029
-128.43982136674478,50.36031721176558
-139.97037459849403,-3.735937718797511
-28.26890544216858,1.048563428318217
76.05492435121792,-95.41045261690662
-21.379034361415535,-95.14930314763029
-30.21489667588574,128.88984072776657
-50.158716211042744,26.516654454570393
-90.7890214363896,-12.50449677798186
-33.290378672555434,-105.93778719066583
-68.45419498265599,-104.51505960387841
-41.671686437465816,-79.70322822812523
-51.339953596720235,-43.747069806486
-42.22083045600076,26.09119428049578
90.98960168342306,45.26727209433436
-48.13099510039518,-92.35972303959949
62.59254633689514,-106.76462566665582
39.25857835851133,-31.68521891608785
-75.27660288319645,-8.856506562192532
-0.6499041114581365,-4.69620710828696
-143.78239999375464,15.908912689074235
-0.845250210846699,60.2069227069229
33.672613348218675,106.19875498717563
154.43267095434354,-8.341644931727998
106.0988373980523,53.340723061832676
-0.4405474361280351,-29.593649170611513
69.9834819230895,-104.82804061595064
-17.636951237615413,-100.16205679117171
-93.396087706681,-91.3824094468467
-76.99560764008599,12.26201245830953
128.49676942246447,-49.04268682870104
147.1149712759783,-36.31665334977223
-92.80473899618117,-92.11264152521876
78.10696027864458,25.520742025337054
21.412853994466705,18.003145509245897
1.7996647024876213,-92.03152677144347
75.39642966322427,-105.2804703304054
33.71371913766369,-108.80635693623063
132.78587456759752,-43.010504630865775
0.9300402028902423,96.4758942433197
-51.574692055192905,-107.5348153484524
5.958428735870953,96.81432429574618
-141.89833830383503,-1.137405165084494
21.124296464727014,-6.201215477351066
-86.6017512955764,-12.926486933514719
42.06323731902117,-109.85101728237773
-140.55081683681456,-6.456859084758978
43.95186405718562,-33.51161169265331
-67.53087544348854,-103.04058184762017
76.78919221288858,55.29110677815576
-72.31385746717591,-101.46992402293898
36.006568009468545,-29.46756205327971
-79.56621048351302,-102.44185819913666
-61.16087205688035,-27.74309647209788
-84.14657263978292,-3.0180578487360665
25.641280546434857,84.62950331226739
-139.90532054045835,15.763859847483007
-14.76225316371237,87.70167262727288
-77.24448862759891,-7.680778535895337
-81.31863280723171,75.55710076704808
-78.22670354116414,-9.290444754163682
-10.687057127137274,-16.586778993505458
109.8209018913337,-36.97741518759543
105.32843506065099,-16.448960463716592
-143.77632116141586,18.207434585986046
-12.882421283482019,-20.816108521989836
14.582810964060304,17.611511896292072
119.68319236211181,-42.20162714421207
18.506350243754905,16.996441817005927
-13.451883799212649,56.381228403711596
20.077828557634025,16.829259215607422
-104.07167600047705,46.07534798700001
-101.2944287597403,-90.66928840711735
-92.46930192720346,63.14268076969642
-83.88250092701193,-4.323821392751914
-104.77782779582525,47.46585323214118
-58.21393939497592,-42.84557630118215
43.205436545688436,-94.68676174932273
21.708897030479697,16.17180773583072
32.212216995937915,-20.819103673498752
-36.995497826192384,-43.476754988948024
70.45703172843255,-123.92429882135869
-86.2602207829579,-10.784729168891797
-23.615928837075046,118.28604499428167
73.96970190444645,-96.55439532220892
23.00614752198742,-24.336708695367395
90.79259868401302,41.51419938409557
-6.255515147717809,-41.9177909873067
-90.93025931559694,-90.59769472871672
-141.95006434491904,27.724386763962308
-21.84985826035206,111.14159719040825
59.35466521371835,-111.58961548371873
-51.56960228657468,-41.161856126481155
17.10994907965437,-46.18236512080431
15.587242088870607,17.270166145515656
-29.818886275182294,75.40114078299187
-29.093877027837028,125.81938011767978
111.1877805637534,79.15558663933442
-50.64255807271487,-40.4544634039027
27.13568935588514,-110.96707008961432
141.0766034914724,-42.025670755704326
84.46237568266163,51.22662878656737
-53.26151497949111,-114.30693647767967
-2.5764780829959397,59.898826244242706
-80.32963457924257,-11.281372537682055
-0.2693626198062077,89.70730322095862
88.52269781133059,39.296488386010466
79.68783085806184,70.17795891252925
-30.36140949870132,124.5717975518379
-4.0348710162615244,57.695362536599184
137.34219463312442,-40.78630459118831
27.43065504596864,24.138724622650447
21.521769868003968,15.406570896335596
81.59511824197962,78.30208903759632
101.45276326257861,41.825475520004254
3.3831271986658025,-26.126753615783787
-26.34736499561932,128.04369975714005
-5.654405575734883,-36.992049058968554
-85.17927244245736,-7.913927132545528
-34.87868462633149,11.057167702929965
120.68217280506488,-41.61356806537092
131.87892261696751,69.75153917966253
-141.53155817463232,13.810030899593812
130.50016296679675,70.90739029982818
-148.99010078090402,17.103034541123673
120.62853219044914,68.95927812654435
69.68521508545501,-102.28996879554728
